935
990130018 50335390 514417623
923132881 635854590 964113665
297416723 197943274 317787965
29842772 24042277 216772239
277400632 352655156 125282103
57951961 348013447 242668926
584404597 789469432 144359369
78848420 910199870 132756600
844686583 420523048 592667469
712163217 997631320 809159182
276605422 430794248 548546607
450677756 960849309 987148530
716828434 480847997 480319608
295611990 6799462 136531397
336116338 963912311 956809084
938823975 815138383 510216111
461711211 384224100 945160157
579633908 885174905 918000160
351740767 635036646 240195313
752668627 614286690 831596425
142206487 531703435 208858567
948506290 934262166 618236564
695752011 415460235 128581399
960221117 977252079 632269476
762291937 772745312 668490937
574482437 683046754 378117919
623086081 847420087 811990448
733001319 38307609 298930682
864919342 663085944 353688103
755444112 199267469 586653328
842500171 941422929 700968313
780813081 9827823 49291240
396117201 993759074 172612837
894190102 368325885 675538336
607520494 678301788 496292039
321535244 639134325 195245437
986539397 878979138 292611756
480051879 654148744 944601572
470138934 744426202 869195986
289913973 755862333 52143298
608929545 537199347 335925167
438097815 912752639 124784203
548462529 449198881 38163268
412986443 877338805 817027760
152237617 883373920 527957579
654618785 3403873 652246628
661597391 919876866 113711273
378466278 891409646 537140174
622967356 153330473 605701151
922741656 639956585 252581955
590262809 920420922 85016956
43036616 830787362 926153213
759010454 89770834 946229747
699828516 602378839 469998262
967268805 501211558 938278743
613474148 975003729 230955499
397917318 128197839 373176608
975567375 719483931 708895398
944121503 712786285 701604575
248186204 783374248 794998596
324226340 852082745 50713574
421331392 454932482 330811238
579525515 124439292 244129915
548645048 168438023 343740458
188027251 869368630 578180322
550351500 64905704 484967788
732311129 315740629 898335882
904135743 717209011 238754446
975964528 443432153 299112266
180645880 70625630 199524984
608600541 890294137 633613920
547867380 768066263 351380631
569683928 114362213 457094416
678610711 625399038 974880697
701182362 1808062 74774148
706932095 796100220 546888754
628039407 670011940 175977110
950725444 623696287 796210176
184697769 234363468 592238315
44733303 485728764 400901663
680066065 533164440 934702294
564724088 573157598 679155003
786050150 730914219 145032908
226236906 709803632 614952973
640604071 701027814 105686462
671004834 301008886 899528847
764796827 242774149 813648547
654064486 780970612 686279669
99565160 839571939 683557226
35003535 163271011 827848490
462851774 554906354 470333612
673711885 51302108 673007918
101886933 200459485 845686867
770337346 208104495 23050093
706569775 478804049 714073640
835413550 448491543 909343151
472121658 279965386 57340040
643442748 414810294 137446088
766215148 742853268 131202264
213820436 382920824 371265392
149476169 942819372 418580431
398634255 411520485 508799588
93698544 638569789 352134616
742643745 410066339 193546818
424403350 984277493 81958230
70194473 551871589 623864773
777610608 740982493 280945972
170759227 537379535 732587900
64742528 272050717 721197892
372671982 856499726 64948591
572510138 648626836 423135526
119666952 908788810 328719980
668475586 121879417 173479136
736029772 34691844 51521571
857148466 639046965 902728258
454523838 71012378 81298463
527821480 818464699 528374290
799904325 20240121 800634887
213704701 532233581 387752164
94576298 169859492 517614642
661191910 467041810 596005187
777092926 620930413 702855831
846104290 723195685 526381774
501120918 762731558 247958596
260971221 148725679 598013628
40238414 178078639 550261215
212260304 959565510 576748975
946386214 640054119 899892908
399102368 785034424 582163009
613052205 738986493 406911660
363188188 740361393 312547982
718009936 509634006 229421539
295209069 549078652 367135239
723676888 231162887 386383703
650449582 764259580 744661701
676844591 141081983 579447444
994131370 625035395 124284265
525446808 460227036 945867839
203293496 372409503 190492076
851542410 201162017 223946613
487748797 129834554 650188571
792319005 496577595 899759801
206069408 516034494 905930714
980064287 250292370 667874876
444610643 498264857 737394481
512454522 448784893 162215347
655964655 337961173 312927815
494458419 535750259 556469394
346120067 34598128 290998220
43030316 791627531 983299427
25686762 844650947 38598467
915570989 657294785 925891908
656095932 905775362 432910069
163854579 726121322 586181405
229054204 517160213 601993996
236076536 937516562 913057919
394629514 107342002 728685850
523483088 654161733 954303962
276543012 317149977 297649803
753233390 271472949 940669580
946851089 409874215 967071364
391141057 744099011 821106977
239335727 164815870 134315670
411864418 758223298 808612401
854075745 270265711 327491840
4874666 490432740 283611892
47049951 992247095 558409865
146320585 882518022 24032330
568451759 893799649 309931541
339281491 369394971 185114901
384001764 922652343 202749453
488341819 454896035 193017286
783921651 171201301 964701055
811700979 721161653 312695901
413601529 473208178 597174345
288976771 210674942 56217210
508540453 268223068 262296121
665244646 82932653 249930173
947205951 30945275 334885059
205153443 656645191 892788743
154110452 641750941 987447495
288775103 479957591 415370953
936792387 274795547 789580846
729326405 988176053 621211432
693620644 819107259 872121678
160383893 649449892 33267932
472052159 715609644 956571402
537111977 632966391 913916943
664527368 121937899 28296834
817186583 351574287 758495519
336839543 968829728 465370796
174314586 463815399 939743699
22188039 252087802 346757143
681700059 100195655 249595130
598984652 223341230 385437180
70487563 777134409 94380808
558762587 406015987 151520203
631020962 799430629 508264438
4026970 31762086 277847639
466265419 573776007 630370658
690289058 830368884 531774536
705394780 412535393 369458249
767616952 54136017 95061738
643851288 415949087 112098733
724249109 992581467 913202375
357160663 742453090 105636888
307234714 820325206 343818008
7531848 825291766 169957217
432039383 386097983 827693505
108656646 379493333 755640478
981041876 648580305 345886807
665298068 530373273 393292243
826030052 440048903 868117595
422153114 92246202 883005080
447633184 104015900 220212870
397315998 74529465 915325565
749614933 947709083 298690722
914150530 175912422 499602018
416384166 108434970 640724467
463753719 764371544 379104401
421583764 709561945 862143396
624953296 164373507 896217254
560232105 124670983 351184544
421772920 252079709 46384706
739088364 141788028 753605725
394802455 618557110 458544927
648706666 685809236 935104489
740103994 3149363 503511977
593814120 122576295 595512040
106693088 34855926 908559108
732785401 402834610 880449849
340775430 394330229 351836682
796740974 960766945 716174923
752390835 820592177 747919473
121905622 777812423 488119623
216515659 754704477 882770118
605088876 797481576 333859275
535432692 30914677 15397543
928782807 323693990 250287770
24532384 647972358 380823550
181112671 374621216 39347942
915711051 54456882 670189853
339246763 405909422 207444487
362656918 174440944 444996721
398725680 164904025 274867424
671110251 207957167 141306828
542484341 869443163 285497493
621987375 534944164 244696822
144919367 273330520 570769214
273288208 492438652 306873272
944707128 307125732 110867216
754992219 721734321 588051813
497295570 257643775 946530186
461596340 835942867 648349082
234504923 64428630 21502629
162611326 707987796 425810591
861549766 488466120 187269716
565484020 154909219 984018420
603318143 994869566 4081172
31713329 447938689 15627720
514717697 36289690 593497453
313298713 515144099 996435606
786174560 386917285 525405294
427037787 573722765 706670899
294920957 709597520 199367503
900811655 761088360 962210666
179486094 103709877 788609732
140755585 743558998 144336347
643911890 257052136 527338036
867394500 989808748 304860900
1177496 884687241 558242935
841326165 483413887 698418544
717915238 68634720 915776838
413699318 123852432 678720720
657083906 159057539 559013373
174768678 88374674 993967332
726639824 577151887 533347591
178208535 292741375 661014521
207822212 669305996 149901879
555415938 297722302 111204219
118971433 105463131 199061520
327012110 611398305 157194070
852729624 186146117 984242938
658822802 9383539 534223545
6214218 963976093 155075853
703604565 820998070 200824982
452541763 421463519 465204444
412950034 510668459 683708145
844801185 131533004 361818140
785010532 56579775 614006474
933971725 790875949 332072187
765364961 135033476 749425608
157740220 140802187 374799752
213664608 647667215 938888973
874376269 865781267 930493304
312416963 268648370 610182230
170562347 250142727 723342743
645167890 680426929 498452197
709503855 172435955 937929338
791347534 795789770 768496137
265784154 485433743 107044864
175669344 734328011 939825691
671458637 739504382 412966103
731232038 641081231 994409918
716755556 301164158 781463962
644253786 156432398 625136039
54896096 897019109 74927304
811250316 805683474 140895093
45693424 74874423 322549337
356415007 571592268 128593375
533676284 675959901 868310695
258322633 846976987 622527296
634124318 907414038 870235610
873817273 741611894 731121256
39502711 11033265 632553631
159893037 736841661 195144748
705120817 264662920 267112821
109857137 434545616 634570683
476184481 831867759 896903549
574312483 785271079 306705960
728332821 329224487 75463252
588484257 723337972 901983077
279116205 838905442 565744705
225898674 913608752 115854401
38251674 789668793 23119540
856017172 32878342 829316679
567900439 909647039 195725461
573902703 396476526 504102866
230688739 463983500 2473069
318673346 60047010 885955545
143932375 315021333 118085410
646538037 570028619 648109457
424692763 760917282 532776687
377159405 863597084 718216920
410493861 157295123 997930869
10734812 18063780 75597567
726402964 520052596 589783488
461290051 981517259 666047101
523479350 735436756 19190836
274182190 145455452 758989183
395778811 90868259 944632659
897158115 226525102 807444899
111464091 136865589 200127281
499515341 947931657 555894498
644432609 726786563 135339311
225694029 341830716 745767525
341661948 10390725 614240824
604451861 920418566 915090949
643176529 422502945 35577951
574296942 780396718 977540928
817657138 451559066 977446270
758863751 798677624 383160026
843326297 230867489 896308297
455866321 433537516 575038700
940035731 659125505 818600661
721724763 526461716 217732843
965534449 614372507 984010368
858891598 310072921 204477725
341801081 808667791 765237079
49650512 234344041 383517324
186601551 396868899 484903859
558631669 107193860 887369718
286334144 545272902 377682984
860788427 576316939 988657061
118532054 113847487 346135270
350773051 744594687 85088708
634544184 994044292 570622687
519725642 175217705 970537203
331243031 611372758 41021532
623681399 940126081 60431250
779039274 120921554 95034136
323206274 574832355 39500966
598348770 573327458 25282218
771340475 802284004 740523792
38877763 988558892 667026114
718761600 816104167 558685538
945089775 750880811 998377395
302381939 431227276 172198203
174174362 895682929 945048477
488304355 214685938 970229542
813437161 607674620 138537338
48431217 236327192 260474190
518531572 609897726 463146727
501255526 79202121 238974918
168307677 739660201 833772589
211174232 685682997 928658699
408046683 529921498 293016742
552751408 198058280 159484481
574914661 980515944 457320717
309725902 94828691 304335399
716180283 784486456 948176351
297522944 930419241 505128482
143678396 889284183 708647667
709352795 86061583 482482529
708350842 410338711 930846991
94020519 37430260 276787799
734751634 43208159 206523941
687168980 172348078 802553307
833291417 831656684 790245617
569452779 139862389 26886280
14252701 640801474 776107987
332267120 853613815 554072790
674993682 354050724 891823921
24572584 902088662 689516986
542000906 922256590 421380187
738797399 890305291 459912980
410194193 539264352 515408624
872820140 435783434 295556598
573935946 254661188 191913138
20047867 554628739 356183876
903497682 997144399 730618467
171645814 40822767 940028634
28487699 255484302 548747273
446296760 642842123 93320249
123722840 393970025 402076185
75723206 407939974 735656995
731149283 625498031 991090897
782934997 676974122 546401047
80713578 593659405 60049123
408208387 190450519 149068659
294348165 850040647 305437605
811733644 560164736 242466232
429345413 488815831 293748508
170599529 103640516 622538245
401445499 5685314 64100973
795420033 250182493 516550140
225231336 829924708 715650873
929005633 914112618 344944154
290836049 204540910 124929138
389968163 859428328 261926369
568723452 192494006 189064480
303136133 71252488 655672530
952595242 289768406 723503067
242095404 42984208 500199353
492898220 195509968 761763129
94596549 74252069 758467832
640460759 533668816 182470562
16617167 557768312 219807225
917976289 995542492 958813041
138098317 301447327 188876691
394199712 280353592 423799425
625395268 184940386 331194559
472350111 824724905 489698942
765646218 988194838 655713970
911444537 488821501 168039993
561126159 104008086 671126163
871110524 911534729 681193271
265980981 238658736 148745068
615664844 859100959 564200122
229932044 201261194 432395682
681043285 523573221 538612618
914237130 640793743 564968047
920196633 217443532 709319858
333324076 132403669 960656012
798392574 749885199 694916487
853275386 842274221 210737953
520971170 413402497 701163395
485214847 447749997 98244710
767663685 818542509 700981968
812194576 770562606 664904346
777723974 876989606 566867644
596418530 590785967 831789490
576626376 54946399 532242726
693543849 334347222 438934019
707513014 188674783 977624627
962195673 930673897 434545596
821638370 291105971 863644829
149090550 160478860 939926315
60181150 144307478 475537948
128975379 337728997 866061936
197032615 885144538 235399696
647867907 35271126 595265795
325121434 153143042 112614525
463495116 507316843 715332893
56982202 182644642 778191666
240624965 417993549 860890626
273881516 897777900 98467016
11834548 28028726 960630671
304283194 861565807 603814650
462520521 517933296 715137175
402662516 444235437 691412049
269526317 274262383 713143278
245503472 488623356 360850767
166723033 577980541 799775299
992517102 214418760 588846050
283992540 639674675 762920402
274005871 291088017 996310688
132976255 648575756 583354962
468828434 946320997 334074819
93380411 935064072 973027883
304023443 749616722 989057489
829880746 861829987 76496927
702639565 227613003 242147156
544956591 726449909 896831735
344258268 233433354 105057152
641469648 775637561 815536370
516896194 869376168 695698819
666478073 164058558 655745619
281290398 633756220 557344334
843843808 548874857 421575914
310932874 167516166 972485523
791582981 574808224 183098652
150315648 557091472 966403144
741684121 324925799 302414658
450993425 332357984 850524203
409931308 726240754 786261892
507378904 526701651 730100008
50473384 774012636 904354402
875131999 970289579 957605841
579953585 94211741 918146912
770823707 728835963 903395442
218921243 794930618 921253256
551789794 96475241 423710519
436974178 798743534 69907601
566696203 649093914 906634393
641017042 871679905 780880325
565851283 257963705 213947877
148070074 756828636 568297878
781266236 877062012 935313238
562629640 685223302 605942456
960408875 717666869 951851209
77072656 15667149 289063486
914228291 806198880 401673460
487495765 297076839 348056043
465651798 107353413 531147596
430674645 568462795 694470235
608049540 690830473 376207004
588620809 5424641 427896551
416605757 279982337 884884932
442994753 809109222 865599982
433687590 784922855 521560264
632431605 895971836 861460808
692475220 217226840 827087225
697554771 752968648 799195030
44851707 335252292 628596226
6889397 313053563 654243024
572282035 833795251 614236729
892510305 260030088 272274807
689222683 279908839 403563076
281557625 958424368 735862924
469886195 285610919 644175089
958504075 40273767 337908799
737302181 482131644 825291928
631755616 785304748 964767417
841874827 197491608 286009275
466858404 993702683 440146228
644182672 31783658 993957168
28205961 355351629 939737959
30956195 602666890 926625491
317665239 363407632 816843846
522105925 378948174 985389049
108437804 124426698 987158059
517482899 930133003 435319566
499195173 774531116 577660458
965558224 265907803 354248621
879100926 316484137 255396903
450676894 238371253 424672323
872272232 323929171 4882996
389300605 883343417 560505561
378078675 71125720 575202254
729442042 475420372 584558015
399947369 526610377 339318215
528798726 247852290 763648774
222181544 458975273 689210772
171716257 201806313 590846883
82601560 894250395 640363960
601333022 727848887 646852025
855933960 603240115 27487508
91760079 126084923 874965956
747153417 795937170 608083578
148715547 2338759 632795583
531122312 883995031 745994108
175747295 780114820 575096089
30843151 870059634 527769476
262073308 462805343 465189314
78025676 618853704 62253392
126854606 37699817 835556928
27434718 478674218 51012967
202695280 542746797 132062802
790440013 447071530 92374104
255375565 950154633 903689749
575345261 446894652 375116140
705744896 328396206 638734423
323806905 230704161 746802482
659003098 210281513 779824820
404373657 818411349 53926851
997528035 98312052 348579230
858008149 692198299 812774793
877118716 591994780 526727804
883594934 154675340 252071175
559705797 682145383 150961394
885188359 950576306 549252655
546603260 73734561 619222361
574167526 818008465 904692014
376228100 71455823 950105003
249491666 252782991 250734141
573273704 6890476 607605791
838364609 844861603 760029632
598526779 888829067 311697247
709053717 131719035 87769603
73160168 374509874 836691341
526834383 807731329 252347482
28228168 292665844 102731138
878406810 13536135 104697655
405740255 825575858 229625144
636470763 618445712 926718144
363493025 242226585 74662512
363532860 627594596 87038203
780938404 372292191 577064188
416416901 952827652 240001655
566790925 972288930 223548335
136748848 276180104 217963746
260067801 47189234 538409307
859894271 991243199 482049760
285669777 527687006 981037543
946827195 73150760 163455913
229703660 2746368 607602036
51218508 616567265 559042116
901466461 34472195 136797200
212115143 592619734 619893031
871390357 986092135 207817489
556360064 69705622 963519831
448288773 459544762 299044371
613912994 189144631 709718482
21939463 981119204 721475020
964421742 680366093 869422087
942213598 765887054 372326998
901445050 918775384 68032540
389951567 437260677 235798624
242001402 537640107 113236024
633392152 236399031 420773952
576222579 726390349 470192308
679946797 121898980 552880214
725186404 751961558 282355381
633128684 933454561 491951171
578134496 400080338 996992077
313074564 600639864 236401192
410863711 235080032 270600508
810937267 848359463 838303
409144909 201825219 809109114
351886200 392598143 964571245
829767639 445887358 991011522
47848164 335007530 353044470
378317310 53428750 951563037
529981569 389365323 698848381
524745266 308277605 697792445
862388561 274367134 838385221
598538854 991327448 449966753
489430601 867805224 964435522
233374522 828261355 869537667
118470216 57129663 690296130
366705642 572071512 388301617
250305828 658009745 955017889
780512870 110505562 307560915
106444756 194782859 538455327
391284397 123857153 802275280
424078505 434452216 426321842
203057193 781826782 287563031
654056744 50093673 462198020
798222557 241664259 772912472
570741098 976740230 840400786
649539242 827843385 772059254
542536613 244650531 113894383
709939507 201516269 436825337
857138092 86572330 474915225
367639735 647013757 476335058
67909817 216111206 423895267
432176426 92546423 394396660
234250067 260144585 111060007
589130813 751448558 754081247
556150778 196787924 50834454
413252786 825369892 646217867
723173597 376379797 359290440
450799369 520771682 586956360
702273175 104576093 490040840
211349183 278183764 634226013
534912368 675813600 406101600
286037591 478119988 76400047
664917239 995295695 990990419
428892485 662149160 452557091
350670343 513104781 269780366
331135757 331449260 170649048
226944827 469661569 16653819
721846252 209533340 516096737
566954107 696957834 164302876
53899192 30455168 771663698
783267779 887628629 717495232
517374633 737499783 999449389
415712350 313530932 594648585
499523168 299014382 936652362
155140369 210491952 857115017
754506126 286323606 657448746
305308957 665582061 294834359
450269387 862125996 782428798
523257360 122018827 865906030
68179912 836144043 238241277
463287546 294856754 822848067
467425837 509828337 392378181
375804558 979091580 704595758
325905898 795270932 282256974
818249209 994316709 819774299
133198944 681798537 598143883
25066244 739639870 355489981
64877885 789249135 187543136
713869742 820043828 176906435
162430611 587322751 218147062
5547311 950210867 832762353
765278454 641169884 933110802
145812004 928178139 771993599
616816991 127210067 839148596
979183812 410825514 630068523
711425359 632770087 948223688
387811555 231565892 392449766
101050288 717338138 607375319
12187984 105937823 233934320
764770360 178175195 973170730
794853040 28061925 709166314
276210408 508228656 693278434
735568660 88993315 839238370
283446413 820822906 540588508
617100108 846282795 281172677
620366770 36698573 172480217
831565102 558468050 134689385
456612552 685358361 801113164
160204132 635850675 96722593
129539364 244200809 760535033
383310419 522218651 71699636
639336904 266982918 929465163
832918032 721928508 527272799
551242291 544744421 798769570
617411914 671813037 738613538
763801849 5103851 978563686
589277537 788809888 285745962
142165183 205342883 519386152
74548060 811648833 722103107
660855619 744704502 442019543
13629990 569430281 70025275
25610403 243418430 889700964
84551673 801755549 923704952
190378447 887089523 101080177
87772964 223413526 653554658
694155243 817254271 889104972
326939328 242646974 109111430
978486458 949674371 377765797
762922216 529413578 873062005
136107676 801539437 963170939
593758091 639434352 666161425
3778821 680687854 359180887
803584871 245870736 261215061
428574118 419144713 601939388
222251618 141624955 921907203
665054093 215420159 260877231
821128798 632373554 394553987
804806300 728047573 671765030
829522435 710761690 952846736
541631853 629434661 5349851
197559697 924234955 439415445
688342934 31993708 262932804
164410458 208814351 186417792
653938827 492927221 125529183
898527172 139434464 626662901
169728169 351971955 983868169
784293818 861785432 719303186
194432307 434554102 377973373
809886409 174784447 883851047
567789299 220892855 913551240
773165646 434974232 227624928
592087841 857960974 860879623
709040969 203480071 696484264
623329744 143854359 968705424
640785902 911329926 273489027
378226040 595163101 22541187
913299545 557333562 362464776
166153694 649075440 926708066
163643559 920136185 886434683
741990168 460191422 714886224
791122185 554426237 362963715
752403648 876642822 849271562
493175979 960119764 373419175
367017455 761430783 722172405
737907944 841807860 943178821
439664478 165240722 874465031
902746469 821368311 359388649
805547432 823287034 64069696
966147048 73798659 57274553
831110396 76395033 950732785
628593243 999399564 252611638
377484227 266785656 560003169
155452563 994999306 284522833
844248 947164476 105138427
58734180 116515758 789752224
259086209 216196601 248800986
484982186 931471191 901960822
312611040 229127310 225664504
547394618 663442299 766886456
591255063 406089736 247003774
961816027 544434525 40114483
430097679 928109633 852290721
859108491 618564968 141149247
925900399 770609952 80560213
871507569 457184695 487406493
278740887 47324235 770826978
560357447 364381286 815074984
156235957 411535162 48036006
812540887 502390862 756985574
350350135 666985590 815774214
548672795 10521432 416226192
12435978 797279069 864637412
647502874 377690322 693673803
283910110 223517723 98919324
156646648 20076597 507304862
963779557 626982730 235317572
445065863 149986355 386126421
704147321 968137000 882510023
167827139 450928835 984514499
580555357 464983201 837036877
896276751 36554555 524713174
231689466 427307318 6478489
854745179 338700284 965923929
303879633 786533971 892023203
651291269 310208696 368909992
131855082 275429176 997577788
504395098 226688385 68747113
696944071 302954663 343220772
871816772 146275672 412594800
687909273 888708484 64725483
288981706 430065447 862756093
979482667 900226133 371935626
71636274 780532212 566579529
259075105 498673597 349255997
866522341 110380021 346670404
49926810 309122879 402778279
490142161 60293894 962282994
891446415 805655742 584122001
688708298 683300093 223780572
696028970 665867516 177172855
713677075 120859174 953913999
938435007 359519237 681596716
713227689 272725896 562211912
691752249 347962250 464008542
164441867 187157830 992260438
607195310 543584227 203407604
376400808 118811608 145488438
476013132 373333012 369787826
851966707 196241844 531064055
454043773 447066438 379711562
921357455 750825393 524928781
122167178 372554942 574468026
618709257 896204654 920905166
174280306 492013059 587534010
247295045 779433447 203329278
482440016 837074675 946241456
315833475 366131086 959151288
387368453 625004916 739914869
327909796 786668512 859856942
746178325 769614979 168939032
684905652 118119995 870313468
437537790 109622793 952980167
149318994 349103930 12010764
868598581 372101279 622173109
94094026 433028746 496040627
131932152 441843568 954233917
198219196 403851465 662307588
683085796 958435783 289573152
564302031 587984880 100399960
535068618 148462169 621306880
834872309 568670283 1164303
430899280 71241389 561243403
275106797 514300829 761200827
52321301 942419492 888330768
199296756 312635352 676699630
525018707 930803104 993407149
574167622 29365989 590642623
505321404 546492791 591350702
766620874 587927808 43693491
255161996 168009318 753197014
492129494 7241112 676529511
832887523 593525056 883699074
252733370 312798810 223206233
511002319 780936243 975035182
815341570 309959991 689299922
530932298 607984087 503821340
447259453 354352696 302176054
19600847 324442440 171409741
200644701 699545932 627536230
302453495 907134519 577827936
146382902 681979965 639508566
272844291 667590221 526424129
922730078 682702493 143453577
13531314 652812543 91623560
189347077 346372151 429268453
583637799 147429473 258353582
193385585 406416768 765231166
846272766 813220127 199860990
235358600 572687480 129549257
667741510 756385526 709898229
799524460 290957882 285558711
151762092 976469103 812868675
995905931 694959806 628447652
577232967 49842721 625429922
375623520 563141648 652479207
414774277 286621306 920311707
408905210 831460046 170191366
685268563 248077334 470996859
438902410 454290042 95615644
264616000 401702889 508371319
367262097 976618485 121439563
882523285 405143258 876357071
533153157 792912485 329771685
761897746 182766900 789161966
409824433 52126093 100659352
990809630 419059826 384510604
430979973 606465406 228246507
948491914 61118596 420166991
595220733 253837954 957563906
890263422 399232241 544131855
916582688 203401083 921021603
297714534 354979352 385386158
864105106 160770768 589572838
657837856 859606768 877020125
309093683 257361491 85699039
777466152 72974834 312546510
963683237 450759784 638251625
482862057 864762916 50926348
982708198 516188187 106774639
709473889 661044794 28296920
364945825 139833579 382554750
551634304 956702814 414725545
132031924 130076701 24434459
310719584 369979753 340122380
771112898 401329880 330111134
805532368 158772836 214886037
799833449 253876531 598012926
509794031 13495797 814102156
854829124 97204469 142194255
