100
779 1 34
978 63 1 34 16 10 63 4 79 95 86 6 8 46 68 25 69 30 62 41 51 88 56 80 19 90 73 17 71 27 18 53 26 15 77 67 99 5 97 47 74 91 42 43 98 29 84 49 59 65 81 70 75 93 14 33 100 60 48 82 22 55 11 61 21
817 73 1 34 16 10 63 4 79 95 86 6 8 46 68 25 69 30 62 41 51 88 56 80 19 90 73 17 71 27 18 53 26 15 77 67 99 5 97 47 74 91 42 43 98 29 84 49 59 65 81 70 75 93 14 33 100 60 48 82 22 55 11 61 2 21 45 87 94 28 12 83 66 89 92
988 6 1 34 16 10 63 79
958 36 1 34 16 10 63 4 79 95 86 6 8 46 68 25 69 30 62 41 51 88 56 80 19 90 73 17 71 27 18 53 26 15 77 67 99 97
759 10 1 34 16 10 63 4 79 95 86 8
906 79 1 34 16 10 63 4 79 95 86 6 8 46 68 25 69 30 62 41 51 88 56 80 19 90 73 17 71 27 18 53 26 15 77 67 99 5 97 47 74 91 42 43 98 29 84 49 59 65 81 70 75 93 14 33 100 60 48 82 22 55 11 61 2 21 45 87 94 28 12 83 66 89 3 92 37 50 36 64 38
706 11 1 34 16 10 63 4 79 95 86 6 46
941 86 1 34 16 10 63 4 79 95 86 6 8 46 68 25 69 30 62 41 51 88 56 80 19 90 73 17 71 27 18 53 26 15 77 67 99 5 97 47 74 91 42 43 98 29 84 49 59 65 81 70 75 93 14 33 100 60 48 82 22 55 11 61 2 21 45 87 94 28 12 83 66 89 3 92 37 50 36 64 7 38 44 20 35 13 72 78
892 4 1 34 16 63
954 61 1 34 16 10 63 4 79 95 86 6 8 46 68 25 69 30 62 41 51 88 56 80 19 90 73 17 71 27 18 53 26 15 77 67 99 5 97 47 74 91 42 43 98 29 84 49 59 65 81 70 75 93 14 33 100 60 48 82 22 55 61
846 69 1 34 16 10 63 4 79 95 86 6 8 46 68 25 69 30 62 41 51 88 56 80 19 90 73 17 71 27 18 53 26 15 77 67 99 5 97 47 74 91 42 43 98 29 84 49 59 65 81 70 75 93 14 33 100 60 48 82 22 55 11 61 2 21 45 87 94 28 83
893 84 1 34 16 10 63 4 79 95 86 6 8 46 68 25 69 30 62 41 51 88 56 80 19 90 73 17 71 27 18 53 26 15 77 67 99 5 97 47 74 91 42 43 98 29 84 49 59 65 81 70 75 93 14 33 100 60 48 82 22 55 11 61 2 21 45 87 94 28 12 83 66 89 3 92 37 50 36 64 7 38 44 20 35 72
755 53 1 34 16 10 63 4 79 95 86 6 8 46 68 25 69 30 62 41 51 88 56 80 19 90 73 17 71 27 18 53 26 15 77 67 99 5 97 47 74 91 42 43 98 29 84 49 59 65 81 70 75 93 33
814 32 1 34 16 10 63 4 79 95 86 6 8 46 68 25 69 30 62 41 51 88 56 80 19 90 73 17 71 27 18 53 26 77
894 3 1 34 10
700 26 1 34 16 10 63 4 79 95 86 6 8 46 68 25 69 30 62 41 51 88 56 80 19 90 73 71
851 29 1 34 16 10 63 4 79 95 86 6 8 46 68 25 69 30 62 41 51 88 56 80 19 90 73 17 71 27 53
889 23 1 34 16 10 63 4 79 95 86 6 8 46 68 25 69 30 62 41 51 88 56 80 90
794 82 1 34 16 10 63 4 79 95 86 6 8 46 68 25 69 30 62 41 51 88 56 80 19 90 73 17 71 27 18 53 26 15 77 67 99 5 97 47 74 91 42 43 98 29 84 49 59 65 81 70 75 93 14 33 100 60 48 82 22 55 11 61 2 21 45 87 94 28 12 83 66 89 3 92 37 50 36 64 7 38 44 35
765 64 1 34 16 10 63 4 79 95 86 6 8 46 68 25 69 30 62 41 51 88 56 80 19 90 73 17 71 27 18 53 26 15 77 67 99 5 97 47 74 91 42 43 98 29 84 49 59 65 81 70 75 93 14 33 100 60 48 82 22 55 11 61 2 45
825 59 1 34 16 10 63 4 79 95 86 6 8 46 68 25 69 30 62 41 51 88 56 80 19 90 73 17 71 27 18 53 26 15 77 67 99 5 97 47 74 91 42 43 98 29 84 49 59 65 81 70 75 93 14 33 100 60 48 82 55
819 99 1 34 16 10 63 4 79 95 86 6 8 46 68 25 69 30 62 41 51 88 56 80 19 90 73 17 71 27 18 53 26 15 77 67 99 5 97 47 74 91 42 43 98 29 84 49 59 65 81 70 75 93 14 33 100 60 48 82 22 55 11 61 2 21 45 87 94 28 12 83 66 89 3 92 37 50 36 64 7 38 44 20 35 13 72 9 78 31 39 96 52 85 76 24 32 58 57 54 40
763 94 1 34 16 10 63 4 79 95 86 6 8 46 68 25 69 30 62 41 51 88 56 80 19 90 73 17 71 27 18 53 26 15 77 67 99 5 97 47 74 91 42 43 98 29 84 49 59 65 81 70 75 93 14 33 100 60 48 82 22 55 11 61 2 21 45 87 94 28 12 83 66 89 3 92 37 50 36 64 7 38 44 20 35 13 72 9 78 31 39 96 52 85 76 32
961 14 1 34 16 10 63 4 79 95 86 6 8 46 68 69
931 31 1 34 16 10 63 4 79 95 86 6 8 46 68 25 69 30 62 41 51 88 56 80 19 90 73 17 71 27 18 53 15
994 28 1 34 16 10 63 4 79 95 86 6 8 46 68 25 69 30 62 41 51 88 56 80 19 90 73 17 71 18
745 68 1 34 16 10 63 4 79 95 86 6 8 46 68 25 69 30 62 41 51 88 56 80 19 90 73 17 71 27 18 53 26 15 77 67 99 5 97 47 74 91 42 43 98 29 84 49 59 65 81 70 75 93 14 33 100 60 48 82 22 55 11 61 2 21 45 87 94 12
890 44 1 34 16 10 63 4 79 95 86 6 8 46 68 25 69 30 62 41 51 88 56 80 19 90 73 17 71 27 18 53 26 15 77 67 99 5 97 47 74 91 42 43 98 84
960 16 1 34 16 10 63 4 79 95 86 6 8 46 68 25 69 62
704 88 1 34 16 10 63 4 79 95 86 6 8 46 68 25 69 30 62 41 51 88 56 80 19 90 73 17 71 27 18 53 26 15 77 67 99 5 97 47 74 91 42 43 98 29 84 49 59 65 81 70 75 93 14 33 100 60 48 82 22 55 11 61 2 21 45 87 94 28 12 83 66 89 3 92 37 50 36 64 7 38 44 20 35 13 72 9 78 39
787 95 1 34 16 10 63 4 79 95 86 6 8 46 68 25 69 30 62 41 51 88 56 80 19 90 73 17 71 27 18 53 26 15 77 67 99 5 97 47 74 91 42 43 98 29 84 49 59 65 81 70 75 93 14 33 100 60 48 82 22 55 11 61 2 21 45 87 94 28 12 83 66 89 3 92 37 50 36 64 7 38 44 20 35 13 72 9 78 31 39 96 52 85 76 24 58
728 54 1 34 16 10 63 4 79 95 86 6 8 46 68 25 69 30 62 41 51 88 56 80 19 90 73 17 71 27 18 53 26 15 77 67 99 5 97 47 74 91 42 43 98 29 84 49 59 65 81 70 75 93 14 100
822 2 1 16
749 83 1 34 16 10 63 4 79 95 86 6 8 46 68 25 69 30 62 41 51 88 56 80 19 90 73 17 71 27 18 53 26 15 77 67 99 5 97 47 74 91 42 43 98 29 84 49 59 65 81 70 75 93 14 33 100 60 48 82 22 55 11 61 2 21 45 87 94 28 12 83 66 89 3 92 37 50 36 64 7 38 44 20 13
748 77 1 34 16 10 63 4 79 95 86 6 8 46 68 25 69 30 62 41 51 88 56 80 19 90 73 17 71 27 18 53 26 15 77 67 99 5 97 47 74 91 42 43 98 29 84 49 59 65 81 70 75 93 14 33 100 60 48 82 22 55 11 61 2 21 45 87 94 28 12 83 66 89 3 92 37 50 64
744 75 1 34 16 10 63 4 79 95 86 6 8 46 68 25 69 30 62 41 51 88 56 80 19 90 73 17 71 27 18 53 26 15 77 67 99 5 97 47 74 91 42 43 98 29 84 49 59 65 81 70 75 93 14 33 100 60 48 82 22 55 11 61 2 21 45 87 94 28 12 83 66 89 3 92 50
934 80 1 34 16 10 63 4 79 95 86 6 8 46 68 25 69 30 62 41 51 88 56 80 19 90 73 17 71 27 18 53 26 15 77 67 99 5 97 47 74 91 42 43 98 29 84 49 59 65 81 70 75 93 14 33 100 60 48 82 22 55 11 61 2 21 45 87 94 28 12 83 66 89 3 92 37 50 36 64 7 44
852 89 1 34 16 10 63 4 79 95 86 6 8 46 68 25 69 30 62 41 51 88 56 80 19 90 73 17 71 27 18 53 26 15 77 67 99 5 97 47 74 91 42 43 98 29 84 49 59 65 81 70 75 93 14 33 100 60 48 82 22 55 11 61 2 21 45 87 94 28 12 83 66 89 3 92 37 50 36 64 7 38 44 20 35 13 72 9 78 31 96
731 99 1 34 16 10 63 4 79 95 86 6 8 46 68 25 69 30 62 41 51 88 56 80 19 90 73 17 71 27 18 53 26 15 77 67 99 5 97 47 74 91 42 43 98 29 84 49 59 65 81 70 75 93 14 33 100 60 48 82 22 55 11 61 2 21 45 87 94 28 12 83 66 89 3 92 37 50 36 64 7 38 44 20 35 13 72 9 78 31 39 96 52 85 76 24 32 58 57 54 23
780 18 1 34 16 10 63 4 79 95 86 6 8 46 68 25 69 30 62 51
984 41 1 34 16 10 63 4 79 95 86 6 8 46 68 25 69 30 62 41 51 88 56 80 19 90 73 17 71 27 18 53 26 15 77 67 99 5 97 47 74 91 43
767 42 1 34 16 10 63 4 79 95 86 6 8 46 68 25 69 30 62 41 51 88 56 80 19 90 73 17 71 27 18 53 26 15 77 67 99 5 97 47 74 91 42 98
816 81 1 34 16 10 63 4 79 95 86 6 8 46 68 25 69 30 62 41 51 88 56 80 19 90 73 17 71 27 18 53 26 15 77 67 99 5 97 47 74 91 42 43 98 29 84 49 59 65 81 70 75 93 14 33 100 60 48 82 22 55 11 61 2 21 45 87 94 28 12 83 66 89 3 92 37 50 36 64 7 38 20
861 65 1 34 16 10 63 4 79 95 86 6 8 46 68 25 69 30 62 41 51 88 56 80 19 90 73 17 71 27 18 53 26 15 77 67 99 5 97 47 74 91 42 43 98 29 84 49 59 65 81 70 75 93 14 33 100 60 48 82 22 55 11 61 2 21 87
995 12 1 34 16 10 63 4 79 95 86 6 8 68
990 38 1 34 16 10 63 4 79 95 86 6 8 46 68 25 69 30 62 41 51 88 56 80 19 90 73 17 71 27 18 53 26 15 77 67 99 5 97 74
708 57 1 34 16 10 63 4 79 95 86 6 8 46 68 25 69 30 62 41 51 88 56 80 19 90 73 17 71 27 18 53 26 15 77 67 99 5 97 47 74 91 42 43 98 29 84 49 59 65 81 70 75 93 14 33 100 60 82
707 46 1 34 16 10 63 4 79 95 86 6 8 46 68 25 69 30 62 41 51 88 56 80 19 90 73 17 71 27 18 53 26 15 77 67 99 5 97 47 74 91 42 43 98 29 84 59
826 76 1 34 16 10 63 4 79 95 86 6 8 46 68 25 69 30 62 41 51 88 56 80 19 90 73 17 71 27 18 53 26 15 77 67 99 5 97 47 74 91 42 43 98 29 84 49 59 65 81 70 75 93 14 33 100 60 48 82 22 55 11 61 2 21 45 87 94 28 12 83 66 89 3 92 37 36
922 19 1 34 16 10 63 4 79 95 86 6 8 46 68 25 69 30 62 41 88
747 91 1 34 16 10 63 4 79 95 86 6 8 46 68 25 69 30 62 41 51 88 56 80 19 90 73 17 71 27 18 53 26 15 77 67 99 5 97 47 74 91 42 43 98 29 84 49 59 65 81 70 75 93 14 33 100 60 48 82 22 55 11 61 2 21 45 87 94 28 12 83 66 89 3 92 37 50 36 64 7 38 44 20 35 13 72 9 78 31 39 96 85
927 30 1 34 16 10 63 4 79 95 86 6 8 46 68 25 69 30 62 41 51 88 56 80 19 90 73 17 71 27 18 26
917 98 1 34 16 10 63 4 79 95 86 6 8 46 68 25 69 30 62 41 51 88 56 80 19 90 73 17 71 27 18 53 26 15 77 67 99 5 97 47 74 91 42 43 98 29 84 49 59 65 81 70 75 93 14 33 100 60 48 82 22 55 11 61 2 21 45 87 94 28 12 83 66 89 3 92 37 50 36 64 7 38 44 20 35 13 72 9 78 31 39 96 52 85 76 24 32 58 57 23
859 60 1 34 16 10 63 4 79 95 86 6 8 46 68 25 69 30 62 41 51 88 56 80 19 90 73 17 71 27 18 53 26 15 77 67 99 5 97 47 74 91 42 43 98 29 84 49 59 65 81 70 75 93 14 33 100 60 48 82 22 11
721 21 1 34 16 10 63 4 79 95 86 6 8 46 68 25 69 30 62 41 51 88 80
785 97 1 34 16 10 63 4 79 95 86 6 8 46 68 25 69 30 62 41 51 88 56 80 19 90 73 17 71 27 18 53 26 15 77 67 99 5 97 47 74 91 42 43 98 29 84 49 59 65 81 70 75 93 14 33 100 60 48 82 22 55 11 61 2 21 45 87 94 28 12 83 66 89 3 92 37 50 36 64 7 38 44 20 35 13 72 9 78 31 39 96 52 85 76 24 32 58 54
862 96 1 34 16 10 63 4 79 95 86 6 8 46 68 25 69 30 62 41 51 88 56 80 19 90 73 17 71 27 18 53 26 15 77 67 99 5 97 47 74 91 42 43 98 29 84 49 59 65 81 70 75 93 14 33 100 60 48 82 22 55 11 61 2 21 45 87 94 28 12 83 66 89 3 92 37 50 36 64 7 38 44 20 35 13 72 9 78 31 39 96 52 85 76 24 32 57
743 47 1 34 16 10 63 4 79 95 86 6 8 46 68 25 69 30 62 41 51 88 56 80 19 90 73 17 71 27 18 53 26 15 77 67 99 5 97 47 74 91 42 43 98 29 84 49 65
773 56 1 34 16 10 63 4 79 95 86 6 8 46 68 25 69 30 62 41 51 88 56 80 19 90 73 17 71 27 18 53 26 15 77 67 99 5 97 47 74 91 42 43 98 29 84 49 59 65 81 70 75 93 14 33 100 48
832 62 1 34 16 10 63 4 79 95 86 6 8 46 68 25 69 30 62 41 51 88 56 80 19 90 73 17 71 27 18 53 26 15 77 67 99 5 97 47 74 91 42 43 98 29 84 49 59 65 81 70 75 93 14 33 100 60 48 82 22 55 11 2
740 17 1 34 16 10 63 4 79 95 86 6 8 46 68 25 69 30 41
990 5 1 34 16 10 4
818 78 1 34 16 10 63 4 79 95 86 6 8 46 68 25 69 30 62 41 51 88 56 80 19 90 73 17 71 27 18 53 26 15 77 67 99 5 97 47 74 91 42 43 98 29 84 49 59 65 81 70 75 93 14 33 100 60 48 82 22 55 11 61 2 21 45 87 94 28 12 83 66 89 3 92 37 50 36 7
887 48 1 34 16 10 63 4 79 95 86 6 8 46 68 25 69 30 62 41 51 88 56 80 19 90 73 17 71 27 18 53 26 15 77 67 99 5 97 47 74 91 42 43 98 29 84 49 59 81
944 71 1 34 16 10 63 4 79 95 86 6 8 46 68 25 69 30 62 41 51 88 56 80 19 90 73 17 71 27 18 53 26 15 77 67 99 5 97 47 74 91 42 43 98 29 84 49 59 65 81 70 75 93 14 33 100 60 48 82 22 55 11 61 2 21 45 87 94 28 12 83 89
804 34 1 34 16 10 63 4 79 95 86 6 8 46 68 25 69 30 62 41 51 88 56 80 19 90 73 17 71 27 18 53 26 15 77 99
796 13 1 34 16 10 63 4 79 95 86 6 8 46 25
725 15 1 34 16 10 63 4 79 95 86 6 8 46 68 25 30
879 50 1 34 16 10 63 4 79 95 86 6 8 46 68 25 69 30 62 41 51 88 56 80 19 90 73 17 71 27 18 53 26 15 77 67 99 5 97 47 74 91 42 43 98 29 84 49 59 65 81 75
729 27 1 34 16 10 63 4 79 95 86 6 8 46 68 25 69 30 62 41 51 88 56 80 19 90 73 17 27
983 85 1 34 16 10 63 4 79 95 86 6 8 46 68 25 69 30 62 41 51 88 56 80 19 90 73 17 71 27 18 53 26 15 77 67 99 5 97 47 74 91 42 43 98 29 84 49 59 65 81 70 75 93 14 33 100 60 48 82 22 55 11 61 2 21 45 87 94 28 12 83 66 89 3 92 37 50 36 64 7 38 44 20 35 13 9
853 25 1 34 16 10 63 4 79 95 86 6 8 46 68 25 69 30 62 41 51 88 56 80 19 90 17
816 39 1 34 16 10 63 4 79 95 86 6 8 46 68 25 69 30 62 41 51 88 56 80 19 90 73 17 71 27 18 53 26 15 77 67 99 5 97 47 91
887 51 1 34 16 10 63 4 79 95 86 6 8 46 68 25 69 30 62 41 51 88 56 80 19 90 73 17 71 27 18 53 26 15 77 67 99 5 97 47 74 91 42 43 98 29 84 49 59 65 81 70 93
892 93 1 34 16 10 63 4 79 95 86 6 8 46 68 25 69 30 62 41 51 88 56 80 19 90 73 17 71 27 18 53 26 15 77 67 99 5 97 47 74 91 42 43 98 29 84 49 59 65 81 70 75 93 14 33 100 60 48 82 22 55 11 61 2 21 45 87 94 28 12 83 66 89 3 92 37 50 36 64 7 38 44 20 35 13 72 9 78 31 39 96 52 85 24
979 33 1 34 16 10 63 4 79 95 86 6 8 46 68 25 69 30 62 41 51 88 56 80 19 90 73 17 71 27 18 53 26 15 67
931 87 1 34 16 10 63 4 79 95 86 6 8 46 68 25 69 30 62 41 51 88 56 80 19 90 73 17 71 27 18 53 26 15 77 67 99 5 97 47 74 91 42 43 98 29 84 49 59 65 81 70 75 93 14 33 100 60 48 82 22 55 11 61 2 21 45 87 94 28 12 83 66 89 3 92 37 50 36 64 7 38 44 20 35 13 72 9 31
771 7 1 34 16 10 63 4 95
822 22 1 34 16 10 63 4 79 95 86 6 8 46 68 25 69 30 62 41 51 88 56 19
837 49 1 34 16 10 63 4 79 95 86 6 8 46 68 25 69 30 62 41 51 88 56 80 19 90 73 17 71 27 18 53 26 15 77 67 99 5 97 47 74 91 42 43 98 29 84 49 59 65 70
802 58 1 34 16 10 63 4 79 95 86 6 8 46 68 25 69 30 62 41 51 88 56 80 19 90 73 17 71 27 18 53 26 15 77 67 99 5 97 47 74 91 42 43 98 29 84 49 59 65 81 70 75 93 14 33 100 60 48 22
777 70 1 34 16 10 63 4 79 95 86 6 8 46 68 25 69 30 62 41 51 88 56 80 19 90 73 17 71 27 18 53 26 15 77 67 99 5 97 47 74 91 42 43 98 29 84 49 59 65 81 70 75 93 14 33 100 60 48 82 22 55 11 61 2 21 45 87 94 28 12 66
709 45 1 34 16 10 63 4 79 95 86 6 8 46 68 25 69 30 62 41 51 88 56 80 19 90 73 17 71 27 18 53 26 15 77 67 99 5 97 47 74 91 42 43 98 29 49
742 92 1 34 16 10 63 4 79 95 86 6 8 46 68 25 69 30 62 41 51 88 56 80 19 90 73 17 71 27 18 53 26 15 77 67 99 5 97 47 74 91 42 43 98 29 84 49 59 65 81 70 75 93 14 33 100 60 48 82 22 55 11 61 2 21 45 87 94 28 12 83 66 89 3 92 37 50 36 64 7 38 44 20 35 13 72 9 78 31 39 96 52 76
855 9 1 34 16 10 63 4 79 95 6
827 66 1 34 16 10 63 4 79 95 86 6 8 46 68 25 69 30 62 41 51 88 56 80 19 90 73 17 71 27 18 53 26 15 77 67 99 5 97 47 74 91 42 43 98 29 84 49 59 65 81 70 75 93 14 33 100 60 48 82 22 55 11 61 2 21 45 94
761 20 1 34 16 10 63 4 79 95 86 6 8 46 68 25 69 30 62 41 51 56
811 72 1 34 16 10 63 4 79 95 86 6 8 46 68 25 69 30 62 41 51 88 56 80 19 90 73 17 71 27 18 53 26 15 77 67 99 5 97 47 74 91 42 43 98 29 84 49 59 65 81 70 75 93 14 33 100 60 48 82 22 55 11 61 2 21 45 87 94 28 12 83 66 3
746 24 1 34 16 10 63 4 79 95 86 6 8 46 68 25 69 30 62 41 51 88 56 80 19 73
876 40 1 34 16 10 63 4 79 95 86 6 8 46 68 25 69 30 62 41 51 88 56 80 19 90 73 17 71 27 18 53 26 15 77 67 99 5 97 47 74 42
776 74 1 34 16 10 63 4 79 95 86 6 8 46 68 25 69 30 62 41 51 88 56 80 19 90 73 17 71 27 18 53 26 15 77 67 99 5 97 47 74 91 42 43 98 29 84 49 59 65 81 70 75 93 14 33 100 60 48 82 22 55 11 61 2 21 45 87 94 28 12 83 66 89 3 37
761 52 1 34 16 10 63 4 79 95 86 6 8 46 68 25 69 30 62 41 51 88 56 80 19 90 73 17 71 27 18 53 26 15 77 67 99 5 97 47 74 91 42 43 98 29 84 49 59 65 81 70 75 14
906 67 1 34 16 10 63 4 79 95 86 6 8 46 68 25 69 30 62 41 51 88 56 80 19 90 73 17 71 27 18 53 26 15 77 67 99 5 97 47 74 91 42 43 98 29 84 49 59 65 81 70 75 93 14 33 100 60 48 82 22 55 11 61 2 21 45 87 28
956 8 1 34 16 10 63 4 79 86
817 90 1 34 16 10 63 4 79 95 86 6 8 46 68 25 69 30 62 41 51 88 56 80 19 90 73 17 71 27 18 53 26 15 77 67 99 5 97 47 74 91 42 43 98 29 84 49 59 65 81 70 75 93 14 33 100 60 48 82 22 55 11 61 2 21 45 87 94 28 12 83 66 89 3 92 37 50 36 64 7 38 44 20 35 13 72 9 78 31 39 52
979 37 1 34 16 10 63 4 79 95 86 6 8 46 68 25 69 30 62 41 51 88 56 80 19 90 73 17 71 27 18 53 26 15 77 67 99 5 47
1000 43 1 34 16 10 63 4 79 95 86 6 8 46 68 25 69 30 62 41 51 88 56 80 19 90 73 17 71 27 18 53 26 15 77 67 99 5 97 47 74 91 42 43 29
836 35 1 34 16 10 63 4 79 95 86 6 8 46 68 25 69 30 62 41 51 88 56 80 19 90 73 17 71 27 18 53 26 15 77 67 5
916 55 1 34 16 10 63 4 79 95 86 6 8 46 68 25 69 30 62 41 51 88 56 80 19 90 73 17 71 27 18 53 26 15 77 67 99 5 97 47 74 91 42 43 98 29 84 49 59 65 81 70 75 93 14 33 60
