300
6 1 292
41 98 226 10 25 102 6 199 62 27 75 126 109 174 153 93 95 210 70 55 106 158 191 16 111 185 277 24 20 220 40 108 66 189 58 134 209 138 86 183 50 268 122 299 74 238 240 101 156 207 245 279 13 177 116 165 276 39 114 196 53 36 166 136 295 4 68 54 202 187 151 78 287 85 234 97 12 120 45 297 123 186 288 256 115 59 201 168 182 56 175 76 291 61 154 107 52 272 243 248
89 100 292 161 144 226 10 25 27 75 200 145 127 126 246 109 174 88 95 210 70 55 106 191 185 193 81 24 108 134 209 138 203 183 87 50 163 122 299 205 222 266 101 119 207 245 15 130 279 13 116 165 254 257 114 196 31 218 36 136 265 258 142 4 54 202 187 284 155 78 97 120 297 33 256 115 182 152 213 5 61 244 107 159 96 249 35 269 263 243 181 19 129 190 17 60 242 171 63 49 248 94
53 73 292 161 144 10 6 199 62 27 75 200 126 246 174 47 153 93 125 70 48 224 111 64 169 277 150 133 179 24 220 28 261 40 103 108 189 58 138 203 87 73 30 122 299 219 205 266 74 238 240 143 119 245 46 177 116 184 196 31 218 36 166 136 295 258 68 54 202 187 155 215 287 97 180
252 81 292 161 79 102 6 62 27 127 246 109 47 208 93 95 125 70 55 224 106 117 191 16 111 185 64 277 150 179 220 28 261 40 281 189 209 138 86 30 268 237 122 299 205 238 217 15 46 39 257 196 53 218 36 29 258 259 4 68 54 202 187 151 284 215 85 180 45 123 186 33 233 59 201 182 56 152 213 291 244 249 35
281 11 144 199 62 27 206 200 246 109 174 210 16
75 125 292 144 212 10 199 27 75 200 127 246 47 153 32 93 70 224 117 191 16 64 150 24 20 28 261 103 108 281 66 209 138 86 203 183 50 176 237 122 299 205 222 266 149 240 119 207 15 13 177 236 257 114 53 31 166 295 258 142 259 68 202 187 151 78 215 234 97 12 120 123 233 256 59 201 56 175 76 214 213 232 2 244 107 113 249 52 272 22 157 140 129 190 3 171 63 49 188 248 229 41 172 300 131 160 98 82 225 128 278 192 293 44 65 71 90 91 7 227 132 211 170 80 251 275 247
372 121 10 79 102 199 27 145 127 126 246 109 174 47 88 125 210 70 224 106 111 185 169 24 220 103 108 66 189 58 134 209 138 86 50 176 268 163 274 222 266 149 238 240 143 207 245 46 116 236 165 276 184 254 39 257 196 53 31 218 136 295 118 29 258 4 54 202 187 284 155 78 215 97 12 120 180 123 186 175 57 213 232 61 2 244 107 159 195 249 52 269 181 129 17 124 94 43 131 160 135 225 294 192 216 44 65 90 230 7 11 227 132 211 137 104 112 170 80 51 251 84 286
303 123 144 212 10 79 25 6 27 75 200 127 126 246 93 95 125 70 55 48 224 117 158 16 150 179 220 28 261 103 189 86 203 50 73 30 163 197 299 219 274 222 149 74 240 143 156 46 279 13 177 236 165 254 39 257 196 53 218 136 265 118 258 259 54 187 284 155 78 287 97 12 180 45 297 233 288 256 168 182 56 76 214 152 57 5 2 244 154 195 52 157 140 19 253 17 49 94 41 135 82 225 278 192 293 65 90 230 7 132 211 104 112 170 146 178 14 84 9 241 275 262 270 247 21
115 11 292 144 10 79 25 62 145 174 208 70 55
131 128 292 144 10 79 102 6 199 200 145 127 109 174 153 93 95 125 210 55 106 117 158 16 185 64 193 277 150 261 103 108 281 66 189 58 86 203 87 50 176 73 268 237 122 219 274 222 74 238 143 119 207 217 15 130 279 13 116 236 276 184 53 31 218 265 29 142 4 54 284 215 85 97 120 180 123 288 59 201 168 182 56 214 57 291 2 113 96 249 35 272 269 263 22 243 157 181 19 253 3 171 124 63 49 248 229 43 172 300 131 98 225 128 294 216 293 44 230 91 7 223 227 8 112 110 178 51 251 275
420 79 292 212 25 102 199 62 200 127 109 88 32 208 95 125 210 70 55 48 224 117 158 16 185 169 277 150 133 24 20 261 40 66 134 209 138 86 203 87 50 30 268 122 197 299 205 274 266 149 74 238 143 207 245 130 279 39 257 114 53 31 218 36 118 231 29 142 4 54 202 187 151 155 78 215 287 120 180 186 233
227 55 144 212 6 199 62 206 127 246 32 93 125 55 106 191 16 64 193 81 20 108 66 189 58 134 209 138 203 87 176 73 30 237 122 197 205 222 266 74 240 101 217 46 13 177 165 276 184 254 39 257 53 31 166 136 118
131 134 79 25 102 6 206 200 145 127 126 109 47 88 208 93 70 55 48 117 158 111 179 28 261 40 108 66 58 138 86 203 183 87 73 30 163 197 299 274 222 74 238 240 101 143 119 156 217 245 279 116 236 276 184 257 114 53 31 218 118 29 258 142 259 4 187 284 155 287 234 97 12 297 233 288 115 59 201 175 76 152 57 5 291 232 61 154 52 35 22 190 253 17 3 242 171 124 63 49 188 248 229 290 94 172 160 135 92 82 128 278 38 192 216 44 230 91 7 11 223 227 211 137 110 14 18 241 262 260 247 267 286 139 204 289
31 53 144 212 10 25 102 199 206 127 126 246 153 32 208 70 106 117 16 111 185 64 277 150 179 81 24 220 28 261 103 281 58 134 203 87 268 237 122 197 299 274 266 149 74 238 101 119 156 207 15 46 279 184 53
735 30 161 10 79 25 199 62 27 145 127 174 88 32 208 210 55 48 106 117 158 191 16 185 277 150 179 220 189 58 134 209
160 96 161 144 212 226 79 62 27 75 200 126 246 153 88 32 95 125 70 55 158 191 16 111 193 150 133 81 261 40 66 138 203 87 50 176 73 268 219 274 222 149 74 238 240 217 245 46 13 177 165 276 254 257 196 53 31 36 166 136 265 258 4 68 54 187 78 85 97 12 123 33 256 115 201 182 56 214 152 213 5 232 61 244 113 159 96 249 52 269 22 140 17 171 124 188 290 94
45 114 161 144 226 25 199 62 206 126 246 109 32 208 125 70 117 16 193 24 220 40 138 30 268 197 299 205 266 149 74 119 156 207 245 130 254 39 114 53 36 295 118 29 258 259 202 155 215 85 120 45 123 33 288 59 56 214 152 213 5 107 113 159 96 52 269 263 157 181 140 19 17 60 171 63 49 188 248 229 290 43 131 160 92 82 278 38 192 293 44 65 71 91 7 227 8 104 282 110 178 51 14 18 9 255 241 275 260 270 247 286 139 204 289 67
496 97 292 161 212 25 102 206 127 246 47 153 88 208 95 125 55 224 117 16 185 64 169 193 150 133 28 103 281 189 134 209 138 203 183 50 176 30 122 197 149 119 207 217 245 15 46 116 165 184 39 257 196 53 218 166 136 295 265 118 29 258 68 54 78 287 97 180 45 123 186 33 233 288 59 182 214 152 57 2 195 249 52 269 22 157 181 190 17 242 171 63 49 188 248 290 94 300 160
81 34 292 161 212 10 62 27 75 206 200 145 127 109 153 88 32 208 95 210 55 48 224 106 191 150 179 81 220 28 103 58 183 73 30 237
577 135 292 161 144 10 79 25 102 75 206 200 127 109 153 32 95 125 210 55 48 224 117 111 64 150 81 220 28 261 66 189 134 209 86 203 183 87 50 73 268 237 122 219 205 222 149 74 240 143 156 217 15 279 177 116 236 254 39 114 218 36 136 265 29 258 142 259 4 54 202 187 155 78 215 85 234 297 233 201 168 56 76 213 61 244 113 159 96 249 52 35 272 269 22 243 19 129 253 17 242 124 49 229 290 43 172 300 131 160 135 98 225 128 294 216 90 91 7 11 227 132 211 80 110 251 18 9 241 267 72 173 23 83 67 252 100
440 98 226 25 6 199 27 127 126 246 109 153 32 70 55 106 117 191 16 185 193 277 150 179 20 261 103 108 281 58 134 138 203 183 87 50 268 122 197 299 74 238 143 119 207 217 245 46 130 13 116 236 165 276 184 254 53 31 218 166 136 295 118 258 259 68 54 151 155 215 97 120 180 123 186 33 233 201 182 175 152 57 5 291 232 61 244 154 113 96 195 52 35 263 22 243 19 253 63 290
624 155 212 226 102 62 27 200 145 127 126 109 174 47 153 88 32 208 210 70 55 224 191 111 193 277 150 179 24 20 40 103 108 281 66 189 58 134 209 183 87 50 73 30 268 237 163 122 299 274 222 74 238 101 143 119 207 245 15 46 177 116 236 165 276 184 39 114 196 218 36 166 265 231 258 142 68 54 187 151 284 155 78 97 120 180 297 233 288 256 182 214 152 213 61 2 244 154 107 113 96 249 52 272 263 157 19 129 190 3 60 242 124 63 188 290 94 300 135 98 128 278 38 293 44 65 90 91 7 223 227 8 137 112 170 282 146 51 14 18 9 275 162 262 141 260 270 247 267 167 21 83 139 77 26 204 100
382 33 25 102 62 75 206 126 246 109 174 47 153 32 208 95 210 55 224 117 16 185 277 150 179 81 20 28 103 189 58 138 86 183 87
63 10 226 10 79 199 62 75 200 145 210 55
502 137 292 161 144 226 10 79 199 206 200 127 246 109 174 153 88 32 208 125 70 55 48 224 117 158 191 185 64 193 150 133 179 220 28 108 281 189 134 86 203 50 30 268 237 122 274 266 74 238 143 119 156 245 15 46 130 236 165 276 196 295 265 118 54 284 215 287 234 97 12 120 180 297 186 59 56 152 57 291 61 2 154 107 195 35 269 263 22 157 19 129 190 3 242 63 188 172 131 160 135 92 82 225 278 192 216 293 65 71 90 91 7 211 8 137 104 112 282 80 110 146 14 251 18 255 141 247 72 173 21 23 83 139 77 26 289 67 121
313 14 292 161 144 226 199 62 27 75 246 174 208 55 48 277
262 37 161 212 226 79 6 199 62 27 246 174 47 32 208 210 70 48 224 106 117 158 191 16 111 277 150 133 179 28 261 40 108 58 134 183 87 176 237
199 57 161 144 226 79 25 199 62 200 126 174 47 95 210 70 55 106 117 158 16 185 64 169 277 133 24 20 40 281 138 203 50 176 73 268 122 205 274 222 74 119 217 279 236 165 276 53 36 118 231 29 142 54 151 155 97 180 297
917 44 292 161 144 212 226 79 25 102 62 27 75 206 145 127 126 153 32 93 125 55 48 191 16 81 220 28 108 66 189 58 209 138 203 183 268 237 163 122 197 222 240 156 245 279
775 58 161 212 10 79 25 75 206 200 145 126 109 174 47 88 32 93 125 55 106 117 158 111 64 81 220 28 261 40 108 281 134 209 138 87 176 73 268 163 122 299 205 222 149 74 240 156 217 13 116 236 276 184 196 31 166 295 118 97
59 24 292 161 144 212 79 6 75 200 246 174 153 88 208 93 210 70 55 48 224 117 16 111 185 64
944 82 292 161 226 79 102 199 27 75 200 145 127 126 174 47 32 208 93 95 210 70 55 48 224 117 158 64 169 150 133 179 24 20 103 281 66 189 58 134 203 87 176 237 163 222 266 74 101 207 217 130 279 13 116 165 276 184 254 39 257 114 36 166 136 295 265 231 29 258 4 68 54 202 215 85 234 97 120 45 288 256 115 201
550 158 10 25 199 27 200 145 127 126 246 109 174 153 88 93 224 106 16 185 64 277 179 220 28 261 40 281 189 58 138 86 87 50 122 197 299 219 205 222 149 74 240 101 143 119 156 207 46 279 177 116 236 276 184 254 39 257 196 53 218 295 29 258 259 4 151 155 287 45 297 123 33 233 288 115 59 168 182 76 152 213 5 291 61 2 113 96 52 269 263 22 243 140 129 190 60 242 171 63 49 248 41 43 300 160 82 225 128 294 278 216 293 71 90 230 91 7 223 227 132 211 8 137 104 170 80 110 146 14 84 280 241 298 275 141 260 167 72 286 83 77 204 289 67 252 121 264 250 164 42 271 194 228 235 198 296 34 147 89
612 91 144 226 10 6 199 27 75 200 145 127 246 47 153 208 93 210 70 48 117 191 16 169 179 24 220 28 261 40 281 66 189 134 209 86 183 176 30 268 237 163 122 219 274 222 266 149 156 245 15 130 279 236 165 276 39 114 53 31 295 265 118 231 259 68 202 187 284 155 78 234 12 123 33 233 115 59 201 182 175 214 152 5 244 154 159 96 269 22 49 188 248
290 66 161 144 212 79 25 102 27 75 206 127 126 246 174 47 32 125 70 224 117 191 185 277 150 179 24 20 28 40 281 66 134 203 87 50 176 73 268 237 163 122 219 205 274 266 149 143 119 217 130 279 13 236 165 276 39 196 53 31 166 136 295 265 118 231 259 54
232 159 292 161 144 79 25 199 200 145 246 109 174 47 153 32 208 95 70 55 224 106 191 16 111 193 150 133 20 220 28 261 103 108 66 189 58 209 138 86 203 183 50 176 30 163 197 299 219 274 222 149 74 238 240 101 143 245 15 46 279 177 165 276 39 114 166 136 295 265 118 231 29 258 142 4 54 202 284 155 85 234 120 180 45 186 256 201 168 182 175 76 214 152 57 213 5 232 2 244 154 113 249 52 35 272 22 157 19 129 190 253 17 3 60 242 124 63 49 248 94 41 43 300 160 98 92 82 278 90 227 132 104 170 282 146 178 251 84 298 262 270 247 267 72 21 286 83 77 26 252 121 250 164 271 228 37 285 296 273 239
893 127 144 212 10 79 6 62 206 145 127 126 246 109 174 47 153 88 32 125 210 55 48 224 117 16 111 185 64 24 220 261 40 103 108 281 189 58 134 209 86 203 183 73 237 122 197 299 274 222 149 74 238 240 119 156 207 217 245 116 236 165 276 254 257 53 166 136 118 231 258 68 202 284 155 78 287 234 97 12 180 45 123 33 288 256 115 182 56 175 76 214 152 5 232 2 244 154 107 113 195 249 52 35 269 263 181 140 190 3 60 242 63 188 229 172 300 92 82 128 44 65 71 90 230 91 132 170 51
851 57 161 144 226 10 25 206 200 145 127 174 153 208 125 224 106 117 158 191 16 111 185 169 193 150 133 179 81 28 261 40 108 281 138 183 50 30 268 163 299 219 238 119 207 217 245 46 13 177 254 31 218 136 295 118 231 258 142
110 39 292 161 226 102 199 27 75 200 127 126 246 153 32 95 70 224 106 117 191 169 150 133 179 81 24 220 28 261 103 281 58 209 138 203 183 176 30 237 163
236 109 212 79 25 6 27 75 206 145 127 126 109 47 32 93 95 210 48 106 16 277 150 179 220 261 281 189 58 134 209 86 203 87 176 73 30 268 237 219 274 222 266 74 238 240 143 156 217 15 130 279 177 116 236 165 184 254 39 196 136 231 142 259 4 68 202 187 151 284 155 215 287 234 180 45 123 186 33 233 288 115 59 201 175 214 5 159 96 52 272 22 181 140 19 129 190 253 3 171 124 49 188 94 41 43 160 98 38 216 91
547 141 144 10 102 6 199 62 75 200 145 127 174 47 88 48 224 117 158 191 111 169 277 150 133 179 24 20 220 261 40 108 281 66 189 134 209 86 183 87 30 268 163 240 143 119 15 46 279 177 254 257 218 36 166 295 231 258 202 187 78 215 287 234 97 120 180 45 297 186 33 233 256 115 59 201 182 76 214 152 291 232 244 154 96 35 272 22 19 253 17 3 60 171 124 63 248 290 94 43 300 131 160 92 82 294 38 192 293 65 71 230 91 7 132 137 80 146 84 280 241 275 262 260 267 167 72 21 286 23 139 26 204 252 100 264 250 164 271 221 194 69 99
213 111 161 144 212 226 10 75 206 200 145 127 126 174 153 88 32 93 95 125 48 117 158 191 16 111 193 133 24 220 28 261 103 281 66 189 134 209 86 203 183 73 30 222 266 74 240 101 119 217 245 15 279 177 276 254 114 196 53 218 136 265 29 259 151 284 78 215 234 97 180 45 123 33 288 256 115 201 168 182 214 152 213 291 244 154 107 113 159 96 195 249 52 272 263 22 243 19 129 190 3 171 63 188 94 172 131 135 98 92 225 91 132
657 129 212 226 79 6 145 127 126 246 174 153 88 32 93 95 70 224 106 117 158 16 111 185 169 193 150 133 179 20 28 40 209 86 203 87 176 73 30 163 122 299 219 205 274 222 266 149 74 119 156 207 217 245 279 236 165 39 257 114 196 53 31 36 136 295 265 231 29 258 259 68 54 187 151 284 155 78 85 234 120 180 45 123 33 233 256 201 168 182 76 214 5 2 244 159 249 52 272 269 22 243 157 181 19 129 253 17 60 242 171 124 49 188 229 290 300 131 98 38 216 44 90 91 11 227 211 8 112 170 51
200 78 292 161 212 79 25 102 6 199 75 206 127 246 174 47 153 32 208 125 210 55 117 158 191 185 150 24 20 28 40 281 66 189 134 209 86 203 50 30 237 122 197 299 219 274 149 240 101 143 119 217 245 130 13 177 116 276 254 39 257 114 196 53 218 36 295 29 259 54 234 97 180 45 123 186 33 233 201 152
888 56 292 144 226 79 25 145 127 126 246 174 47 153 88 32 93 95 210 55 16 169 277 81 24 220 261 103 66 58 134 209 138 86 183 50 176 30 268 237 163 197 74 240 101 143 156 207 245 13 116 236 276 257 114 196 31 136
54 22 292 212 226 10 25 62 75 206 200 109 88 32 208 93 210 191 111 185 64 277 150 220
896 21 292 161 10 102 6 199 62 27 145 127 126 153 95 224 106 158 64 193 277 24 220
962 105 161 144 79 199 62 206 200 127 126 174 47 88 32 208 93 95 210 70 55 224 106 117 64 169 150 133 20 220 261 108 189 58 134 209 138 87 50 237 299 219 205 222 266 149 74 238 101 143 207 15 130 279 13 116 236 276 254 39 196 53 218 36 136 295 118 29 4 68 151 284 287 85 234 123 115 59 182 56 175 214 152 57 107 113 195 249 269 243 157 181 140 19 129 190 253 17 3 242 124 188 41 172 300 92 294
159 44 292 161 144 212 79 102 62 27 75 206 200 246 109 88 32 208 93 95 48 106 117 169 150 133 24 20 220 28 261 40 103 189 86 87 50 268 237 163 122 274 240 143 207 279
995 133 212 10 6 27 75 200 145 127 246 47 153 88 208 93 125 210 48 117 158 191 16 193 277 150 81 20 103 281 58 86 203 87 176 122 219 149 74 101 143 207 217 15 130 279 116 236 184 257 114 53 166 136 265 118 29 258 259 4 68 202 187 151 155 78 97 12 45 33 233 288 59 201 168 182 76 152 57 213 291 61 244 159 96 195 272 269 243 181 140 19 129 253 3 242 171 63 49 248 94 41 300 131 160 82 225 128 294 278 192 216 293 90 230 91 11 223 227 211 8 137 104 110 51 14 84 9 255 280 275 262 267 204 289
303 98 212 25 102 6 206 145 127 109 47 153 88 32 208 95 210 70 48 224 106 158 191 64 169 193 277 133 81 24 20 28 261 40 103 281 66 189 86 203 176 73 268 219 205 222 266 149 238 207 217 245 15 46 130 13 177 165 276 184 39 257 196 218 136 295 265 118 231 258 142 259 4 68 284 215 287 85 234 180 297 123 288 256 115 168 182 175 76 5 291 232 154 96 195 249 35 19 188 248
854 71 292 144 212 226 10 199 62 206 145 127 126 246 174 153 88 32 208 93 95 70 48 106 117 16 64 277 179 24 220 28 261 40 103 108 281 66 58 134 209 138 86 183 50 73 122 219 205 149 238 240 101 119 207 15 279 13 177 165 184 254 39 196 53 31 218 136 295 231 142 259 54
524 75 161 10 25 102 6 62 27 145 109 174 88 208 70 55 48 224 106 158 191 16 111 64 169 150 133 81 24 220 28 261 40 281 58 138 86 203 87 73 122 197 299 222 266 149 240 101 156 245 15 177 236 165 276 184 114 53 31 218 36 166 265 231 29 54 202 151 284 234 97 120 180 297 186 33 233
750 24 226 25 102 62 27 206 127 126 47 32 208 93 125 210 70 117 158 191 16 185 64 150 220 134
334 76 161 27 127 126 109 174 47 88 208 95 210 55 224 106 117 158 16 111 185 277 133 81 220 28 40 108 66 189 58 183 87 50 30 163 122 197 299 219 274 266 149 74 238 143 245 15 13 236 165 196 218 36 136 118 259 4 151 284 155 78 215 287 97 12 180 45 123 33 288 59 168 182 56 214 61 249
6 86 161 10 25 102 199 62 75 206 145 246 109 174 47 153 32 93 95 48 224 106 117 111 185 169 277 81 24 20 261 103 209 203 183 87 30 268 237 299 219 266 74 238 240 101 143 156 207 245 15 116 236 165 254 196 218 36 166 136 118 231 29 258 54 202 187 215 287 97 12 120 180 45 297 186 288 256 168 175 76 214 152 213 5 291 232 249
712 31 102 206 127 174 153 32 208 125 210 70 55 64 193 277 150 133 220 28 261 40 103 108 66 58 134 86 203 183 176 73 30
173 83 292 161 212 79 25 62 27 75 206 145 127 109 174 153 32 48 224 106 117 111 185 64 169 193 150 179 20 220 103 189 58 134 209 138 203 183 50 176 73 268 237 122 197 274 222 266 74 101 207 217 245 15 46 130 279 13 177 165 114 196 136 265 118 231 29 258 142 187 151 78 215 85 12 120 186 33 201 168 56 175 152 61 249
8 105 161 144 226 25 102 199 75 145 127 126 246 174 88 32 208 93 95 125 210 70 55 224 16 185 64 169 277 133 24 20 40 66 189 58 134 203 87 50 73 163 197 299 219 205 274 266 149 101 15 46 13 177 236 165 114 196 53 218 36 136 265 231 259 68 54 202 187 284 155 287 234 97 12 297 123 33 233 256 115 201 175 76 214 152 57 5 291 232 2 244 107 96 272 263 22 243 181 140 3 60 242 171 124 300 92
708 78 161 212 6 199 27 75 206 200 145 246 174 153 88 32 208 70 55 48 106 117 191 64 150 133 81 28 103 281 203 87 50 268 122 299 205 274 101 119 156 207 15 46 39 218 29 142 4 202 187 284 78 215 85 97 12 123 33 256 115 59 201 168 182 56 175 76 152 57 5 232 61 154 159 195 249 52 35 253
186 15 212 79 25 62 75 145 127 246 174 88 210 55 48 224 117
539 114 161 144 226 10 79 62 75 206 200 246 47 88 32 208 93 210 70 55 224 106 117 158 191 111 193 277 81 20 220 28 261 40 103 281 66 189 134 138 86 203 176 73 237 163 197 299 219 222 149 74 238 240 101 143 217 245 13 177 116 165 184 254 39 196 53 166 136 295 118 231 142 259 68 54 202 187 151 284 155 78 215 287 85 45 233 59 182 56 175 76 57 5 291 232 244 107 35 272 22 243 140 190 3 60 242 171 124 63 229 290 94 41 172 92
756 22 292 226 102 62 75 200 127 109 153 88 32 95 125 55 158 64 277 150 24 108 58 134
581 117 161 212 10 79 25 102 6 27 75 206 145 127 126 246 109 153 32 95 125 55 48 224 106 158 111 64 193 277 150 24 28 261 40 103 281 66 58 209 138 86 203 183 268 163 197 219 222 266 149 240 101 119 217 15 46 279 13 257 53 218 36 166 265 118 142 259 4 202 151 284 78 215 287 85 234 97 12 123 186 233 288 175 76 214 152 291 232 2 154 107 96 249 263 22 140 129 190 253 17 3 171 124 63 290 160 135 98 92 294 278 216 90 11 223 8 170 146
24 45 161 144 212 226 10 79 102 62 27 75 200 145 126 246 174 47 153 32 93 125 224 158 111 64 169 277 133 179 24 220 261 108 281 66 58 134 138 86 183 176 73 30 237 163 274
876 140 212 226 10 79 199 27 206 200 145 126 109 174 47 88 93 95 70 55 48 224 106 158 191 16 185 64 150 133 81 261 108 66 58 134 209 138 183 50 176 73 163 122 197 219 205 274 222 266 149 238 240 101 119 156 207 15 46 177 116 276 184 254 31 166 295 231 142 202 187 78 215 287 234 97 180 45 123 233 59 201 175 152 57 5 291 232 244 113 159 249 52 22 181 190 63 49 290 94 41 172 98 92 294 44 65 11 223 227 211 8 112 282 80 51 14 251 18 255 241 298 275 162 247 267 72 21 286 23 139 77 26 204 121 264 250 42 271 228 285 198
241 61 292 212 10 102 6 62 75 206 145 127 109 47 153 125 210 48 106 158 191 133 24 28 261 40 103 281 134 209 138 203 176 73 30 268 163 122 299 219 205 149 74 238 156 217 15 236 184 254 257 196 218 136 295 118 68 54 187 151 215 287 297
686 141 10 102 6 206 145 126 246 109 174 47 153 208 95 55 224 117 158 191 111 185 169 150 81 20 28 108 66 189 58 134 138 86 183 87 176 73 30 268 237 122 219 274 266 149 119 156 207 130 13 177 116 236 184 39 257 196 53 36 295 118 231 29 142 259 54 202 284 78 287 85 120 180 33 233 168 56 57 5 232 61 2 154 96 195 52 181 19 129 190 253 242 171 124 229 94 43 160 98 92 225 294 38 192 216 293 65 71 90 230 7 8 137 170 282 146 84 9 241 141 270 267 167 72 173 286 23 83 77 26 289 67 252 264 42 105 194 69 37 99 283 273
794 26 292 161 144 226 10 79 102 62 27 75 200 145 127 126 246 109 47 208 93 95 125 224 117 150 179 134
754 101 292 226 79 102 199 27 145 127 47 153 88 208 93 210 185 169 193 179 20 220 103 108 66 138 86 183 87 176 237 163 197 222 266 149 74 119 207 245 46 279 236 184 31 36 295 265 118 231 142 4 202 187 151 78 12 120 45 297 186 33 115 201 56 152 61 244 154 159 249 52 35 272 22 243 157 19 17 171 63 188 229 290 41 43 300 131 98 92 82 128 44 65 90 230 91 7 11 211 170 80 51
543 140 212 226 10 25 6 62 75 200 145 127 32 93 55 48 117 16 111 169 193 150 133 179 81 20 220 28 40 103 108 281 66 134 209 203 87 50 176 73 30 237 122 197 299 274 222 266 238 240 143 245 15 130 177 276 184 39 257 53 166 265 231 142 4 54 187 151 78 215 287 85 234 97 120 45 33 288 256 115 201 76 214 152 213 5 232 61 244 154 113 195 249 269 181 190 17 3 60 242 124 63 248 229 290 172 98 92 225 128 44 90 230 91 11 227 137 112 80 110 51 251 84 18 9 255 280 241 275 162 141 267 167 173 286 23 83 139 77 204 289 252
888 43 292 161 144 212 226 10 25 102 199 75 206 200 32 93 95 70 55 16 111 64 169 193 133 179 81 24 20 261 103 281 66 58 138 183 87 73 268 237 163 122 156 207 245
19 49 226 79 199 62 206 145 127 47 153 88 93 95 125 210 70 117 158 16 64 169 150 24 220 40 108 281 66 58 134 209 86 203 87 50 176 30 268 163 122 274 222 149 119 156 207 46 165 39 257
227 22 161 144 212 79 102 6 62 27 75 206 200 127 126 246 88 208 70 48 224 117 16 277
360 92 144 212 10 79 25 6 27 206 200 127 246 109 153 88 208 93 95 210 70 48 224 111 64 179 81 24 28 261 40 281 66 189 138 86 87 50 176 30 163 197 299 205 274 266 238 240 143 119 156 207 245 46 13 177 236 276 184 254 257 196 53 31 218 36 166 295 118 142 259 4 284 155 78 287 85 234 97 12 45 186 33 233 256 115 168 182 175 76 214 5 291 35
562 137 292 226 25 102 6 62 27 200 145 127 246 109 88 32 208 125 70 48 117 191 16 185 169 150 133 179 81 220 103 108 189 58 134 138 183 50 30 268 163 122 197 299 205 266 149 74 238 119 156 15 46 130 279 13 116 165 276 184 114 31 295 265 118 258 142 68 54 187 151 155 85 234 12 180 297 123 33 233 256 201 168 56 214 2 244 107 96 195 52 269 22 181 140 190 17 3 124 63 248 290 135 98 128 294 38 192 293 44 65 71 230 7 223 227 211 282 146 178 51 14 84 18 280 298 275 270 247 267 72 173 23 289 252 100 264 164 271
1 80 161 212 6 62 145 127 174 47 153 32 208 93 95 210 55 106 16 193 277 150 133 179 24 20 220 28 40 103 108 58 134 209 138 86 176 73 237 122 299 219 205 274 149 74 238 101 119 156 217 46 130 279 236 254 39 257 196 31 218 136 265 118 231 29 258 259 4 68 202 187 151 284 155 78 85 234 12 120 123 115
136 12 292 161 212 10 79 25 102 6 62 27 75 200
353 110 161 226 79 62 75 200 145 127 126 47 88 208 95 70 48 117 16 111 64 169 277 133 179 24 28 103 281 189 58 134 209 86 183 50 176 30 163 219 205 101 143 156 207 217 245 15 177 116 236 184 254 31 36 265 68 54 284 155 215 287 234 120 45 297 186 33 233 288 115 201 175 76 214 213 2 154 107 159 195 52 35 243 157 129 190 253 17 3 171 63 248 94 43 172 82 225 294 278 230 7 11 223 211 282 51 84 9 247 204 289
35 31 161 212 10 79 75 200 127 246 174 153 32 208 95 125 210 70 55 224 117 16 64 193 150 133 179 81 24 20 28 209 30
93 109 144 212 25 27 126 47 153 93 48 106 158 16 185 193 150 81 220 28 261 40 103 66 189 58 134 86 203 183 87 176 268 122 219 205 222 266 149 74 238 217 245 46 279 236 165 184 254 114 53 218 136 118 29 258 259 4 54 155 85 234 12 45 297 123 186 33 233 288 201 168 56 76 214 232 61 244 154 107 113 159 195 249 52 35 272 263 243 157 181 140 19 190 17 60 49 94 41 172 300 135 92 82 294 38 216 44 65 227 170
522 131 292 161 226 200 145 127 126 109 153 88 32 208 70 117 191 16 64 193 277 150 179 24 20 261 40 66 134 209 203 183 87 50 73 163 122 197 222 266 149 74 101 143 119 245 46 279 13 116 165 276 184 254 39 114 196 31 218 36 265 259 68 54 202 187 284 155 78 215 287 12 180 45 297 233 288 256 115 59 168 56 214 57 232 244 113 96 195 249 52 35 269 263 140 19 129 190 253 3 60 171 124 229 290 41 172 300 160 294 38 91 11 211 8 137 170 14 251 84 255 241 162 262 260 267 167 173 23 83 77 26 100
374 134 161 144 212 10 199 62 27 200 127 126 109 47 88 32 208 95 70 48 106 185 64 169 277 179 81 24 28 40 58 134 86 203 183 50 30 237 122 299 205 274 222 266 101 143 119 217 15 46 177 116 236 39 114 196 218 258 142 68 54 202 187 151 284 155 287 85 97 12 180 45 186 256 59 168 182 56 175 76 5 291 244 159 96 195 249 272 269 263 243 157 181 129 190 17 60 63 49 248 94 172 300 160 135 98 82 225 128 294 38 216 44 65 230 91 7 11 132 211 137 170 80 178 51 84 18 241 275 162 270 247 286 139 204 289
45 74 292 161 144 212 79 25 6 27 206 200 127 109 47 153 88 208 93 125 48 224 106 117 16 185 193 277 150 179 20 28 261 40 103 66 189 134 138 86 203 176 73 268 237 299 219 205 149 74 240 101 207 15 46 279 13 177 116 276 257 53 218 36 166 295 118 258 54 187 284 12 120 186 33 115
647 46 161 144 212 79 102 6 75 206 127 246 109 153 208 93 95 125 210 70 117 191 16 111 185 64 169 193 277 150 133 179 81 24 20 261 103 108 66 58 134 183 176 30 237 143 245 46
685 41 10 79 25 199 75 206 126 109 153 32 95 210 158 191 16 185 169 193 133 179 20 220 40 103 108 281 189 58 134 86 203 176 73 268 122 274 240 143 207 245 279
556 25 161 144 212 226 10 79 199 27 127 109 174 88 32 93 95 210 70 224 117 158 16 185 64 150 220
675 151 144 226 10 25 102 27 75 200 145 153 32 93 95 210 70 55 224 117 191 169 193 277 133 179 81 20 220 281 58 209 203 176 73 268 237 163 122 197 222 74 101 207 46 279 13 236 165 184 39 196 31 218 36 166 136 265 118 29 142 68 54 78 85 12 120 180 45 297 123 186 233 115 59 201 182 175 76 214 152 5 291 232 61 2 244 107 249 52 35 269 263 243 140 19 253 242 171 229 290 43 300 131 160 82 128 278 38 293 65 230 223 227 132 211 8 137 104 110 14 84 9 280 298 275 162 262 141 270 247 267 72 286 83 139 77 289 67 264 164 105 271 221 37 235 99 283 34 273 147 89 239
190 117 161 144 226 10 79 25 6 199 27 126 174 153 88 93 95 125 70 55 48 224 106 117 16 277 150 179 81 28 108 189 138 50 73 237 122 299 205 222 238 143 156 217 245 130 116 165 184 39 114 196 53 31 218 36 295 118 231 29 258 142 68 202 151 155 78 215 287 85 12 180 297 186 288 256 168 182 175 57 213 232 2 107 195 249 52 35 269 157 181 140 17 242 171 124 63 248 290 94 98 82 128 278 38 192 44 65 230 91 223 211 8 137 170 282 80 110 51
956 121 144 212 25 102 62 27 75 206 200 145 126 47 153 208 93 95 210 55 48 106 191 111 185 169 133 81 20 220 189 58 138 87 176 30 268 122 197 219 222 149 74 238 240 101 143 119 207 245 130 279 13 177 116 276 184 254 39 114 196 31 218 36 295 118 142 259 4 202 187 151 284 215 97 12 120 180 297 123 233 288 59 168 175 5 291 61 2 107 159 96 195 272 22 19 3 60 242 171 248 290 41 131 135 98 82 128 278 38 293 44 65 90 91 7 132 211 112 170 110 146 51
745 110 144 226 79 25 199 27 75 206 145 127 246 109 47 153 88 95 125 70 55 117 158 191 16 169 193 277 24 220 261 66 189 138 203 183 87 50 176 268 163 299 219 205 274 149 240 119 245 13 177 236 276 184 114 196 53 31 218 166 231 29 258 142 54 151 284 155 78 215 287 234 97 12 45 123 168 56 214 213 5 61 2 244 154 159 195 52 272 243 157 140 19 253 3 60 248 290 94 43 172 131 92 82 128 294 192 293 65 91 227 51
322 22 292 144 79 199 206 145 126 246 47 32 208 93 210 48 158 191 16 111 185 64 277 220
529 124 292 212 226 10 199 75 206 200 145 109 174 153 32 208 70 55 48 224 106 191 16 111 185 64 169 193 150 133 81 20 28 281 66 58 86 203 73 268 163 122 197 299 219 274 149 74 101 143 119 156 207 217 15 46 116 276 39 114 196 53 31 36 136 265 231 258 142 4 202 187 151 155 78 215 287 85 234 97 12 120 180 45 186 115 59 168 182 56 76 214 57 213 5 244 154 107 113 159 96 52 263 243 181 140 253 3 60 171 124 63 49 188 248 229 94 41 172 300 135 92 128 294 38 91
368 24 292 212 10 79 25 102 6 199 62 206 145 126 47 88 95 210 70 55 224 185 150 179 220 134
21 99 144 226 10 79 25 62 27 75 126 246 109 47 32 95 125 210 48 224 106 158 185 64 169 150 179 81 24 220 40 103 58 134 209 138 183 87 50 176 268 237 163 122 197 219 222 266 74 240 101 245 130 279 116 236 165 276 184 254 39 196 31 218 36 136 68 54 202 151 284 155 78 215 287 45 123 186 115 59 168 182 56 76 214 57 213 5 291 61 2 244 154 249 52 35 272 22 243 49 248
976 73 292 144 212 10 79 102 6 27 75 126 246 109 174 47 153 88 32 208 125 70 55 224 158 193 150 133 179 28 261 40 103 108 209 203 87 30 237 197 219 274 222 266 74 238 143 119 217 177 236 184 39 257 31 218 36 166 118 29 258 142 259 4 68 202 151 284 215 287 85 234 120 45 123
370 107 161 212 6 206 200 145 126 109 47 93 95 210 48 106 117 191 16 111 64 150 133 81 20 28 261 103 189 58 134 203 183 87 73 30 163 299 119 207 46 130 13 116 276 254 257 114 196 31 166 136 118 231 258 259 68 54 202 187 151 284 155 287 97 120 45 33 256 115 59 201 56 76 214 152 57 291 61 2 244 154 107 96 272 269 22 157 181 19 129 253 60 188 290 43 172 300 135 92 294 38 192 216 44 65 91 223 170
504 149 292 161 144 212 226 10 79 102 62 27 75 200 145 246 109 174 88 32 125 210 70 224 117 158 191 111 185 64 277 150 179 81 220 281 189 209 203 87 50 176 274 266 149 240 119 156 207 217 15 279 13 116 165 257 114 53 218 166 29 258 202 187 155 215 287 12 297 123 33 233 288 256 115 59 201 76 152 57 5 291 61 2 154 113 195 249 272 269 263 22 157 181 19 129 190 253 17 3 124 63 248 229 290 94 41 160 135 98 82 225 278 216 7 11 227 132 211 137 112 282 80 110 178 51 275 162 270 267 167 72 21 23 83 139 289 121 164 42 221 194 69 37 235 99 296 283 273 147 148
345 153 226 79 25 102 27 75 145 174 47 153 32 93 95 106 117 158 191 111 64 193 150 179 81 24 20 220 261 281 66 134 209 138 86 203 183 87 50 73 268 163 219 205 222 149 74 238 240 119 217 130 116 236 165 276 184 254 114 53 31 218 36 166 295 258 54 151 284 155 215 287 234 97 180 45 297 186 233 256 115 56 175 76 57 5 61 2 244 107 113 96 195 35 272 263 22 157 181 19 129 190 253 17 3 60 124 63 49 188 248 229 43 172 300 160 98 92 225 192 293 71 230 91 223 132 211 8 137 112 170 282 110 51 14 255 280 241 298 275 141 260 247 267 167 72 23 139 289 67 121 250 164 228 283
1 57 292 161 212 226 79 25 102 62 75 206 145 127 126 174 153 88 32 208 125 106 117 158 16 111 64 169 193 150 81 24 20 28 261 40 58 209 138 86 183 176 73 268 237 163 122 197 219 205 274 222 238 240 207 46 236 165 257
181 13 212 10 79 6 199 27 75 206 200 174 208 210 48
403 36 292 226 25 199 62 75 200 246 174 47 153 88 32 93 95 125 210 70 48 117 191 185 169 193 179 24 220 103 189 58 134 209 138 203 183 163
176 122 292 144 226 10 79 102 6 200 127 246 109 47 153 32 93 95 125 210 48 106 158 111 185 64 169 277 179 20 261 40 66 58 209 86 203 87 50 268 299 222 149 143 156 207 217 245 46 13 116 236 184 254 39 166 136 295 265 118 231 29 258 142 259 151 284 78 215 287 97 120 180 45 297 123 233 288 256 115 59 201 175 152 291 61 2 244 154 113 159 249 35 272 190 253 17 3 124 229 43 172 300 135 278 192 216 44 230 11 223 227 211 8 137 104 112 170 282 110 178 51 251 262
492 144 292 212 226 10 25 27 206 200 145 127 126 246 153 88 32 95 125 210 55 224 106 117 191 111 185 169 193 133 179 220 261 103 66 58 134 209 183 87 176 73 30 237 299 219 222 149 74 238 143 119 130 279 177 116 165 184 39 257 114 53 218 295 265 231 29 259 4 68 202 187 155 215 85 97 123 186 33 233 256 59 201 182 76 214 57 5 232 61 113 195 52 35 272 269 157 181 140 17 242 171 63 49 94 43 300 131 82 225 44 65 71 90 223 227 132 104 112 170 80 110 251 84 255 241 141 21 286 23 139 26 204 289 67 264 250 105 271 221 228 69 99 283 34 89
292 24 292 10 199 62 145 127 126 174 47 153 88 208 55 48 224 117 16 111 185 64 193 150 179 138
65 91 292 161 144 212 25 102 6 199 27 75 246 109 174 47 88 32 93 95 210 55 48 224 106 117 191 16 111 64 277 150 24 261 103 281 66 189 58 209 203 183 50 30 237 163 205 149 240 101 143 119 156 207 217 15 130 116 257 114 196 53 31 36 295 142 4 68 54 215 287 97 12 45 33 288 256 59 201 168 182 56 175 76 214 152 291 113 159 195 35 243 248
579 34 292 144 226 25 6 199 27 206 200 127 246 174 153 208 125 210 191 16 64 169 193 277 133 81 24 108 58 134 209 203 87 73 30 237
208 23 292 161 144 212 79 25 62 206 145 47 88 208 93 95 210 55 224 117 16 111 185 277 150
422 124 292 79 25 6 199 206 145 126 109 174 47 32 208 125 55 48 191 16 185 64 20 220 28 40 108 66 58 134 209 138 86 203 87 176 237 163 222 266 74 240 156 207 46 13 177 116 236 165 184 254 257 114 53 166 136 295 29 258 142 259 54 202 287 234 97 180 45 123 233 175 76 214 152 57 291 232 61 244 107 159 96 195 35 263 22 157 181 19 129 190 17 171 63 248 94 41 43 172 300 160 135 98 128 278 192 44 65 90 230 91 7 223 132 137 104 170 110 146 178 51 14 251 9 204
528 31 212 226 79 25 102 6 62 200 145 127 126 174 47 32 95 125 210 55 48 224 158 191 16 185 193 150 24 108 189 58 134
351 123 292 161 144 10 75 200 145 246 109 47 88 125 48 224 117 158 191 111 193 277 133 20 261 108 281 66 189 58 138 87 176 237 122 197 266 149 74 238 101 143 119 46 130 279 13 116 165 254 257 53 218 166 136 265 258 142 259 68 54 202 78 85 12 120 45 123 33 288 256 59 182 56 175 76 214 57 213 5 291 61 2 244 154 107 113 249 52 190 3 60 242 63 49 248 290 94 300 160 135 92 38 192 216 293 71 91 11 223 104 112 170 80 110 146 178 51 84 9 275 247 286 204 289
65 96 292 161 144 212 226 102 62 27 75 206 200 127 126 109 47 208 95 210 48 224 158 185 169 133 20 261 40 103 281 66 189 58 134 86 203 183 87 50 176 237 219 274 149 74 238 143 217 245 15 46 13 177 116 276 114 53 218 136 29 4 54 202 187 155 78 215 287 85 234 180 123 33 115 59 168 182 56 76 57 213 5 291 61 2 244 113 159 195 249 52 35 272 22 253 49 248
632 63 161 144 212 226 10 79 25 102 199 206 200 145 127 109 174 47 32 55 48 224 106 117 191 16 111 185 64 169 193 150 133 220 28 261 66 134 138 183 50 30 237 163 122 299 222 266 149 101 143 130 13 116 236 165 254 257 114 31 218 166 295 118 258
676 74 161 144 226 10 79 199 62 200 145 246 47 153 88 208 93 95 125 210 55 106 191 16 193 277 133 220 261 40 103 108 58 209 86 203 183 87 50 176 268 163 274 222 101 119 217 15 46 130 236 184 254 257 114 53 36 136 265 231 4 187 155 287 120 297 123 186 33 233 288 59 201 76 152 61
194 52 161 144 212 226 25 62 200 145 246 109 174 47 153 88 208 95 210 70 55 158 191 16 185 193 277 20 220 261 108 66 209 183 87 50 237 222 266 149 207 217 245 15 130 279 177 116 184 39 114 166 136 295
682 27 144 226 102 6 62 200 246 109 47 153 208 93 95 125 55 48 224 106 158 191 185 193 277 179 24 189 134
801 56 161 6 126 109 47 153 32 93 95 70 106 117 158 191 169 193 150 20 220 28 40 103 108 189 138 50 176 30 163 299 205 222 266 238 240 119 207 217 245 15 130 279 165 276 39 257 53 31 218 36 136 118 68 155 234 186
428 54 292 161 212 226 10 79 102 62 145 127 246 109 174 47 32 93 95 125 55 224 117 158 191 169 193 277 150 20 220 261 108 58 134 209 86 203 183 87 50 73 268 163 122 299 222 74 238 101 143 119 207 46 279 39
589 66 226 102 62 27 75 145 127 126 246 174 208 48 117 191 16 193 150 81 24 220 28 108 58 134 86 87 50 73 268 237 122 197 299 274 266 149 74 238 101 119 156 207 217 245 279 13 236 165 276 254 114 196 53 31 231 4 68 284 155 78 85 234 12 180 186 115
271 146 292 212 10 79 25 6 75 206 200 145 127 246 109 174 47 88 93 125 55 48 224 117 158 16 185 193 150 179 81 24 20 40 189 58 134 209 138 203 183 87 176 237 163 197 219 205 274 222 266 238 101 119 207 245 46 279 13 177 116 276 254 257 196 53 31 218 166 231 142 259 68 54 202 187 151 215 85 234 12 120 288 59 182 56 76 214 152 57 213 61 244 154 96 272 269 243 157 181 19 129 190 3 242 171 124 49 188 172 131 160 92 82 225 128 38 293 44 65 230 91 132 211 8 137 146 178 251 9 255 280 241 298 162 270 267 72 139 26 100 121 264 42 105 221 198 296
227 45 144 10 102 62 27 206 153 88 93 95 70 55 48 224 117 158 191 16 111 277 133 20 220 28 40 108 66 58 134 209 138 86 87 176 30 268 237 122 197 299 205 222 143 119 245
349 79 292 161 226 79 25 102 27 75 127 246 109 32 125 48 117 158 16 64 193 150 24 20 261 40 189 58 209 138 86 50 30 268 237 163 299 219 222 149 74 238 240 101 119 156 217 130 13 177 116 236 184 39 196 36 166 136 295 118 231 29 258 259 4 68 187 151 85 12 120 180 45 297 123 186 33 233 256 201 168
509 105 161 79 25 102 6 199 200 145 127 109 153 32 208 93 95 125 70 55 48 224 117 191 16 111 169 193 277 150 24 261 40 281 58 134 209 87 50 176 73 237 197 299 219 205 222 266 149 74 240 101 130 279 177 165 39 114 53 31 218 166 231 258 142 259 4 202 151 287 85 180 297 123 186 233 288 256 59 201 168 214 232 61 2 244 154 159 96 249 269 243 181 19 190 253 3 60 171 124 49 248 94 41 300 92 294
98 30 292 161 144 226 10 79 25 102 199 62 206 127 246 109 174 153 88 208 93 125 48 106 117 158 191 111 64 193 277 134
112 20 292 212 226 79 25 102 6 27 206 145 126 109 47 88 93 95 210 191 64 277
115 17 144 212 226 199 62 75 206 88 208 93 70 55 224 117 16 185 64
824 121 161 144 212 10 25 102 6 75 200 127 126 246 47 88 32 208 93 95 125 210 224 117 158 185 64 193 277 133 24 20 261 103 108 281 58 134 138 50 73 219 205 274 149 238 101 156 207 217 15 46 279 13 177 236 276 254 114 196 53 218 36 166 118 231 29 142 68 187 151 215 287 85 12 120 297 233 256 59 201 168 182 56 152 57 232 2 244 154 107 113 52 22 243 181 140 19 129 190 17 3 60 124 63 290 94 172 300 98 92 225 128 192 71 90 230 91 223 132 211 146 51
80 115 292 161 144 212 79 25 102 62 27 206 200 246 109 153 88 210 70 55 48 106 117 16 111 64 169 193 150 179 81 24 20 28 40 103 108 281 66 138 86 183 73 30 268 163 122 197 299 219 205 274 266 238 143 119 156 217 245 15 13 116 236 184 254 166 136 295 265 118 142 259 4 151 284 155 78 234 97 12 120 180 297 186 33 233 288 256 115 59 201 182 56 175 76 214 152 213 291 232 154 159 195 249 52 269 22 243 181 129 190 17 242 171 63 290 300
360 63 292 144 212 79 6 62 127 126 246 174 153 88 32 125 70 48 224 191 16 193 277 150 179 28 40 103 108 66 189 134 209 183 50 176 268 163 122 197 299 266 238 240 143 119 156 207 217 245 46 130 279 177 116 236 165 254 39 257 114 196 53 31 136
320 115 161 212 226 79 25 62 75 200 126 109 174 47 88 32 208 93 48 106 158 16 111 185 64 179 20 261 40 103 189 58 134 86 203 183 87 73 268 237 219 274 222 149 238 240 101 143 156 207 245 130 279 13 236 276 184 254 196 31 136 265 118 231 142 259 202 151 155 287 85 234 97 297 33 233 288 256 115 59 201 168 56 175 76 152 5 291 244 154 113 159 249 269 263 22 243 157 181 140 129 17 3 124 63 229 41 43 172 131 160 128 294 38 44 91 223
982 133 212 226 79 25 102 6 199 62 75 206 200 126 246 109 208 95 55 224 191 185 64 169 150 133 179 81 20 220 28 261 281 66 189 58 209 86 183 268 237 122 205 274 222 240 143 119 156 15 130 116 236 276 254 39 257 114 196 53 218 166 295 231 54 151 284 287 85 234 97 120 297 123 186 33 288 115 59 201 168 56 214 152 61 2 244 154 113 96 195 52 35 272 269 263 22 157 181 140 19 253 17 3 60 242 49 188 248 290 41 172 131 135 82 225 294 278 192 216 65 11 223 132 8 137 112 170 282 80 110 178 51 251 247
46 36 292 161 144 212 226 25 27 75 200 145 126 47 153 32 208 93 125 210 70 48 224 158 191 111 185 150 179 24 28 261 108 189 134 86 73 30
993 38 144 212 226 25 102 126 246 109 174 88 32 93 210 70 55 48 224 117 158 191 111 64 150 133 81 28 261 40 108 281 66 189 58 209 138 86 183 163
463 131 292 161 226 10 79 25 75 206 200 145 127 126 246 109 174 47 153 32 208 210 70 55 48 224 117 158 111 179 81 24 220 28 40 281 66 189 209 138 86 203 183 87 50 73 163 219 222 149 238 240 119 156 217 279 236 276 254 39 114 196 53 166 136 295 265 118 231 29 142 259 4 68 54 202 187 151 78 85 234 12 120 180 233 288 256 59 201 168 56 152 57 291 232 61 2 244 113 159 249 35 269 22 157 181 19 129 253 17 60 63 49 188 248 229 94 41 43 131 160 98 92 82 294 38 192 216 44 65 71 230 170
882 65 292 161 10 79 25 6 199 62 27 75 206 127 246 47 88 32 208 93 55 48 224 117 64 169 277 220 28 40 103 281 66 189 58 138 86 203 183 87 176 268 163 197 219 274 74 240 101 217 245 279 116 236 165 276 254 257 196 53 218 36 231 29 142 54 97
272 130 292 144 79 102 199 206 145 127 126 246 109 174 47 32 208 95 125 210 55 106 191 16 64 150 179 24 20 261 40 189 209 203 73 30 268 237 163 122 299 219 274 222 266 74 240 156 207 245 15 46 130 279 13 177 116 236 39 53 166 136 118 258 259 4 68 54 202 151 284 234 12 180 45 297 123 186 33 233 288 59 201 168 182 175 76 5 232 61 2 244 113 195 52 35 269 263 243 157 140 190 17 242 63 49 290 300 131 160 98 92 225 294 278 192 216 65 71 91 7 11 132 211 104 112 282 146 178 84 9 247
839 41 292 10 79 25 199 206 145 127 174 88 95 210 70 55 224 117 158 191 16 111 185 64 169 193 277 150 81 20 220 28 103 281 66 134 138 86 183 30 268 163 143
676 149 10 25 199 62 27 200 145 127 126 246 47 153 32 93 95 125 70 55 48 106 158 16 64 169 277 179 40 108 281 189 58 138 86 183 176 30 268 163 197 299 219 205 74 238 207 245 279 13 236 165 184 114 196 31 218 166 295 265 118 29 142 4 54 202 151 155 215 97 12 120 180 45 297 186 233 256 201 56 175 76 214 213 291 61 2 244 113 195 249 52 35 269 263 157 181 129 190 253 3 242 171 124 63 188 248 94 41 43 131 160 98 225 128 216 293 44 90 230 91 7 11 223 8 137 104 112 80 178 255 241 275 162 262 260 270 247 267 167 72 173 21 139 26 289 67 250 164 42 271
307 98 292 144 212 79 25 102 200 109 174 47 153 32 208 95 125 210 70 55 117 111 64 169 193 150 133 179 20 40 108 281 58 134 138 86 203 87 176 268 219 205 274 266 149 238 101 156 207 15 46 279 236 165 276 254 257 196 53 166 136 295 265 231 142 4 151 155 78 215 120 180 123 33 233 168 56 76 214 152 57 213 5 232 61 107 113 96 52 35 272 243 140 19 129 190 3 63 49 188
166 132 292 212 10 25 6 62 27 75 126 153 88 93 210 70 55 117 16 111 277 150 179 24 20 220 28 261 58 209 138 203 73 268 122 197 219 274 222 266 149 238 207 217 130 279 13 184 254 39 257 31 218 36 166 265 118 231 258 142 68 202 187 284 155 215 85 97 12 120 297 186 233 288 256 115 59 201 168 182 56 175 76 214 2 154 107 113 249 272 269 263 157 181 140 19 190 17 242 171 124 63 290 43 172 300 92 128 38 192 293 90 230 132 211 137 170 80 51 251 280 241 275 162 262 141 260 247 72 83 26 204 289 252
527 72 144 25 6 199 206 200 145 126 246 109 47 153 32 208 93 125 70 224 106 117 158 111 185 64 169 179 81 20 220 261 40 108 189 134 138 86 183 87 176 73 268 122 299 219 222 240 101 143 119 156 207 217 245 15 46 130 279 13 177 236 114 196 31 218 295 29 258 142 259 151 180 297
759 59 292 144 212 226 79 6 27 75 206 145 127 126 109 174 47 153 88 208 210 70 111 185 64 133 179 81 20 220 28 261 40 281 189 58 134 209 138 183 50 176 73 30 268 163 122 197 299 219 274 266 149 74 143 119 279 236 165 39 53
11 6 161 212 10 79 6 88
283 22 212 226 10 102 62 27 206 200 145 246 109 174 88 93 95 55 117 16 185 64 277 150
568 119 144 102 62 27 200 145 127 246 47 95 125 210 70 48 106 158 111 185 193 277 150 179 28 66 189 209 138 86 183 87 73 268 122 197 299 222 266 149 238 101 156 217 245 130 13 177 236 276 196 53 31 36 166 265 231 29 258 142 259 4 68 54 202 151 284 287 12 120 45 186 233 288 256 59 201 214 152 213 232 61 2 154 159 249 272 269 263 22 243 157 181 19 190 3 248 41 43 300 135 98 92 82 225 216 44 65 230 91 11 137 282 80 110 178 51 251 84 275 286
188 148 79 102 6 199 62 75 206 145 127 126 174 47 153 88 208 95 210 70 224 106 158 111 185 169 193 179 24 20 28 261 281 134 138 203 183 176 73 30 237 122 219 205 266 238 101 143 119 156 217 15 130 279 39 196 166 136 295 118 29 258 259 4 54 202 155 287 12 120 297 123 186 33 233 59 168 175 76 152 5 61 2 244 249 35 269 263 22 243 181 140 129 190 253 3 124 63 49 188 290 41 172 131 160 135 92 128 294 278 38 293 44 65 71 90 230 91 7 11 8 104 112 170 80 51 251 84 255 280 241 270 247 167 173 286 83 77 26 204 289 252 121 271 99 296 283 147 239 148
232 159 161 212 226 10 79 25 102 6 199 27 75 127 126 109 88 32 95 125 55 158 16 111 185 64 193 81 20 220 28 261 66 189 134 209 138 86 183 50 30 268 237 163 197 299 205 266 74 238 101 143 119 156 207 15 46 130 279 13 177 39 196 53 31 218 166 295 258 142 259 54 202 187 78 85 234 12 120 180 186 256 59 201 182 76 214 152 232 61 2 244 107 159 96 195 249 272 269 263 22 243 181 19 129 190 253 17 171 124 63 290 41 43 172 131 160 135 92 82 128 294 278 38 192 216 44 91 211 137 104 112 170 282 80 110 178 14 9 255 141 247 167 173 21 139 77 26 67 252 121 164 105 221 69 235 198 99 34 273 148
209 45 226 6 199 62 27 206 127 126 109 153 125 55 224 106 191 16 185 169 193 277 150 179 20 220 28 40 103 108 189 58 86 203 183 73 268 237 299 205 222 74 238 156 207 245 39
845 29 292 212 10 200 127 126 246 109 174 47 208 93 95 125 210 70 55 48 224 106 191 111 150 179 220 261 58 86 237
463 73 292 144 79 25 199 206 200 246 174 47 153 95 70 55 48 224 158 191 16 185 64 277 150 133 179 20 220 261 40 103 281 66 58 134 138 183 87 50 176 73 268 122 219 266 74 240 101 119 15 130 279 177 165 276 184 254 257 196 53 166 118 29 258 259 4 68 54 187 284 155 287 180 297
791 78 161 212 79 199 62 200 126 109 153 88 208 93 95 125 210 55 224 117 277 133 81 24 220 28 261 108 134 209 86 203 183 50 268 237 163 122 197 219 205 222 266 149 238 101 143 245 15 46 279 116 114 53 31 218 166 259 54 187 151 284 78 287 85 234 297 123 33 256 59 201 182 57 213 291 232 61 244 35
162 20 161 144 212 10 25 199 62 75 126 47 88 208 55 191 16 111 64 277 150 220
191 85 212 226 79 75 206 200 145 126 47 88 32 208 93 125 210 224 106 158 16 193 150 179 24 281 66 58 134 203 183 50 73 237 122 197 205 222 266 74 240 101 207 217 46 13 236 184 254 53 31 218 166 265 118 231 29 259 4 68 54 151 78 215 234 97 120 45 123 33 233 288 59 168 56 175 76 214 152 213 61 244 195 249 35 272 243
540 74 161 144 212 10 79 75 200 145 126 246 109 174 47 153 32 95 125 210 55 224 158 16 169 277 150 133 81 20 281 66 189 138 86 203 50 30 268 163 122 219 205 274 222 149 101 143 119 156 207 279 13 177 116 184 254 39 114 196 31 218 136 295 259 54 187 151 284 78 85 12 180 123 33 233
515 51 161 144 10 25 102 6 199 62 200 127 109 174 32 208 95 125 210 64 81 20 28 103 108 281 189 58 134 138 86 73 268 237 163 122 197 299 219 222 149 74 240 101 207 217 245 130 279 276 257 53 31
230 99 292 161 144 226 79 6 62 27 206 145 126 246 88 93 95 55 191 185 64 169 193 277 150 133 103 108 281 66 189 58 134 86 203 183 50 73 30 237 122 299 219 205 74 119 245 46 13 116 276 184 254 39 257 114 196 53 118 231 258 202 187 151 155 78 215 85 234 12 120 123 186 33 115 59 168 182 175 214 57 213 5 291 61 244 154 195 249 52 263 22 243 157 190 171 124 63 188 290 300
444 30 161 212 226 10 25 199 27 206 200 126 246 174 153 32 208 93 125 210 70 55 48 111 64 193 277 150 179 24 220 189
128 106 144 226 10 79 25 102 199 62 27 75 206 200 127 126 246 174 153 88 95 125 210 70 55 224 111 169 277 133 179 81 24 220 28 261 40 108 281 66 58 209 138 86 203 183 176 268 237 163 299 205 274 222 266 149 238 101 119 156 207 217 15 46 279 177 165 184 257 196 53 31 218 36 166 136 118 29 258 142 4 68 202 155 78 85 12 45 297 123 186 233 59 168 76 213 2 244 154 107 159 96 249 272 263 22 243 49
704 98 292 161 212 226 79 199 27 75 206 127 126 174 95 125 210 70 169 277 81 20 220 28 40 108 66 58 134 86 203 183 176 73 30 268 237 122 197 219 205 222 266 74 238 101 156 207 130 236 276 184 254 31 218 166 231 29 258 259 155 78 234 97 12 120 45 297 123 186 233 288 256 59 182 214 57 232 244 107 52 35 269 19 129 253 17 171 124 188 248 290 94 131 135 92 128 293 44 71
6 9 161 212 226 79 6 27 200 88 48
374 154 292 161 212 226 79 102 75 206 145 127 246 174 47 153 88 32 208 95 125 210 55 106 117 158 16 185 64 193 277 150 179 20 220 28 40 103 281 66 189 58 138 86 203 183 50 176 73 268 237 163 197 219 274 149 240 143 119 217 15 46 13 177 116 236 257 114 196 218 36 166 136 295 231 258 259 54 187 151 284 155 215 234 97 180 45 33 233 288 59 168 182 57 213 291 61 2 107 113 159 96 195 249 52 35 269 263 157 129 253 171 63 49 248 290 172 300 131 160 135 98 82 225 128 278 38 216 44 71 91 223 112 282 80 110 146 178 51 251 84 18 9 255 280 162 262 141 247 267 72 21 286 83 77 252
787 51 292 161 212 79 6 62 206 200 145 127 126 109 88 32 93 95 125 210 55 224 106 158 111 185 64 169 150 133 20 220 108 281 66 189 58 134 209 138 87 73 268 163 299 219 205 222 143 207 46 279 165
538 137 144 10 79 75 206 246 109 153 32 93 210 70 224 106 117 185 277 133 20 28 261 40 103 66 134 138 86 203 50 176 73 30 268 237 299 274 222 74 240 101 143 119 156 245 15 46 130 279 13 177 116 165 184 39 257 114 53 218 36 166 136 295 118 258 187 151 284 155 78 215 85 234 97 297 186 33 233 288 115 59 168 182 175 152 213 96 195 249 35 269 263 157 181 19 129 190 253 171 124 63 290 94 172 135 92 82 225 294 38 65 91 223 8 137 104 282 110 146 14 84 255 241 298 275 141 267 167 72 286 23 83 139 271 285 296 283 89
952 57 161 226 25 102 6 199 62 206 200 109 153 208 125 210 70 224 117 158 191 16 111 64 81 220 261 103 281 66 209 138 86 203 73 30 163 122 299 219 205 222 266 149 238 101 143 156 217 130 13 177 116 254 39 257 196 136 259
668 68 292 161 144 212 226 10 79 6 206 145 127 126 174 47 153 208 95 125 210 70 48 117 111 185 64 277 20 220 103 189 58 86 203 183 87 73 237 163 122 274 222 266 149 74 240 143 119 156 207 217 245 130 13 236 276 184 254 114 196 166 136 295 265 29 258 142 54 97
25 134 161 226 79 102 6 199 62 206 126 246 208 93 95 125 210 191 16 64 133 81 24 20 261 40 108 281 66 189 58 134 209 138 87 73 122 299 222 266 74 240 101 119 156 245 279 13 116 236 184 39 257 196 31 231 29 142 4 202 151 284 155 78 215 12 120 180 33 233 288 168 182 56 76 214 57 232 61 2 244 154 107 159 249 35 272 269 243 157 140 129 190 60 242 171 63 188 248 229 290 94 41 131 135 98 92 128 192 65 71 90 132 211 8 137 104 80 146 178 84 18 9 255 280 141 260 247 72 21 286 23 139 77 26 289
452 92 292 161 144 212 226 10 79 62 27 206 200 126 109 47 153 88 93 55 48 224 158 16 111 277 133 179 20 28 261 108 281 66 189 58 209 138 50 176 73 30 237 299 274 74 240 143 119 156 245 46 130 13 177 236 165 184 254 39 114 196 31 36 166 136 295 231 258 259 4 54 202 151 284 155 215 287 85 234 97 120 297 123 186 33 288 115 59 201 182 175 76 214
56 27 292 212 10 62 27 126 246 109 88 93 125 70 48 224 106 158 191 185 169 193 277 133 179 28 103 58 138
903 119 144 212 226 10 25 102 6 199 27 206 145 126 109 174 47 88 208 224 111 185 64 169 193 150 179 20 281 189 209 138 183 73 237 163 197 299 219 205 266 149 74 238 119 156 217 245 15 130 279 116 236 184 254 257 53 36 136 265 231 258 259 4 54 187 284 155 215 85 97 120 233 115 201 56 175 152 57 213 5 291 61 2 244 107 113 159 249 52 243 140 253 60 242 171 63 49 188 248 229 300 160 82 225 128 294 192 91 7 11 223 227 132 8 80 146 178 251 9 262
309 104 292 161 79 102 62 75 206 200 127 126 109 47 88 208 95 210 70 55 48 224 158 191 16 111 169 150 179 24 20 220 28 40 66 189 209 138 183 50 73 268 163 299 149 240 143 46 13 177 116 236 165 276 184 254 196 53 31 218 166 136 259 68 54 187 151 284 215 12 45 297 123 186 288 256 115 201 168 182 56 175 214 213 232 61 159 195 52 269 263 22 157 181 140 129 190 17 60 63 49 188 248 94 172 300
422 114 161 212 10 79 6 62 75 200 47 153 88 32 210 70 48 117 191 111 169 193 277 150 81 24 20 261 40 103 108 66 189 58 134 138 86 203 183 87 50 268 237 163 299 219 222 119 15 46 279 177 116 236 165 257 31 218 231 259 54 202 78 85 234 97 12 120 180 288 256 168 182 56 76 214 152 57 213 5 291 2 244 154 113 159 96 249 52 263 22 157 181 140 19 129 190 253 60 242 124 49 188 248 229 94 172 131 135 92 225 128 38 216 223 132
60 134 144 212 226 10 102 145 127 109 174 47 88 93 95 125 210 70 224 106 16 111 185 193 150 20 220 261 281 189 58 134 209 138 86 183 87 176 73 268 237 299 205 74 101 119 207 245 15 46 279 13 177 116 165 184 254 257 114 196 53 218 295 265 142 4 151 284 155 78 287 85 120 123 186 288 256 201 168 182 56 175 76 214 152 213 5 154 113 159 249 272 269 19 190 253 3 60 171 188 248 229 94 41 43 300 160 135 278 192 44 71 90 230 7 11 227 132 211 104 112 170 146 178 51 251 18 280 298 141 260 139 77 26 204 289
375 19 292 161 25 102 6 27 206 127 109 47 88 32 208 48 224 191 64 150 220
203 76 212 226 6 145 246 109 47 153 93 95 125 210 55 48 16 185 150 133 24 20 220 103 189 58 134 209 203 183 50 176 73 30 237 122 219 266 74 238 240 119 15 46 130 13 236 165 184 39 114 36 136 295 265 118 231 259 54 151 284 215 85 234 120 180 297 33 233 115 59 201 182 175 214 152 291 249
603 51 144 212 79 25 62 27 75 206 145 246 109 174 47 32 93 95 70 48 224 106 117 158 191 16 185 64 169 193 81 24 220 40 103 108 281 66 189 134 86 203 183 87 50 176 73 122 205 274 143 245 46
108 48 10 6 199 126 174 153 95 125 210 70 224 106 158 16 111 185 169 277 150 24 108 281 189 134 209 183 87 237 163 219 205 274 222 149 74 240 143 15 46 130 177 116 236 184 39 114 53 118
360 124 161 144 212 10 79 25 102 6 199 75 145 127 246 174 47 88 32 125 210 55 106 117 158 111 64 169 277 150 133 81 103 108 281 189 58 134 203 183 87 50 73 30 163 197 219 205 274 266 238 240 101 143 156 217 245 130 279 116 276 184 31 166 231 29 142 259 4 187 151 155 215 85 234 45 297 123 233 256 168 182 56 152 213 232 2 244 113 195 249 269 157 181 140 129 190 17 242 124 49 248 290 41 135 92 82 128 38 192 44 71 11 132 170 282 80 110 178 251 280 162 262 247 286 289
496 32 161 144 226 10 25 62 27 200 145 127 246 47 93 95 125 70 55 117 158 16 111 64 169 193 179 81 220 108 138 183 73 237
700 77 161 144 212 226 199 62 145 246 109 47 153 32 95 210 70 106 158 169 277 150 133 179 81 24 20 220 28 66 134 209 86 203 50 268 237 163 122 274 222 149 240 143 119 217 245 15 46 13 116 236 165 276 114 196 53 31 218 36 136 118 258 4 68 54 202 151 155 85 97 12 120 123 186 233 256 115 152
63 97 292 161 212 10 102 206 200 145 127 126 153 32 93 210 70 55 48 106 117 16 185 64 193 277 150 81 40 66 189 58 209 138 203 87 50 176 30 163 122 205 266 101 207 217 15 130 13 236 165 276 184 39 114 196 31 166 295 265 231 29 142 259 4 68 54 202 78 97 297 123 186 33 233 59 168 56 76 152 57 213 5 291 2 113 159 96 249 52 263 243 140 19 129 253 242 63 160
63 91 161 212 10 79 102 27 75 200 145 127 109 174 47 88 32 208 93 125 48 106 16 111 185 64 169 150 133 179 81 24 20 28 103 281 189 134 209 86 183 87 268 197 219 274 222 149 119 156 207 217 130 13 177 116 276 184 39 257 218 36 166 136 295 118 231 29 258 142 259 68 54 202 151 284 155 287 120 180 297 233 288 256 201 168 56 175 214 5 291 61 249
714 45 292 212 10 79 199 206 200 126 153 88 125 70 55 224 106 158 16 111 169 193 277 179 24 20 220 103 108 281 66 58 138 203 50 176 30 268 237 163 197 274 240 143 207 245 279
527 65 292 161 144 212 102 27 127 126 246 109 153 88 32 93 125 70 55 158 16 111 185 169 193 277 150 81 220 28 261 103 66 189 134 209 203 183 50 268 237 299 274 266 74 238 240 143 119 156 207 217 15 279 177 276 39 196 53 31 36 166 136 295 118 231 259
714 32 292 161 212 226 25 199 62 206 200 145 127 126 109 153 88 93 95 210 70 55 48 106 117 191 185 64 169 277 108 189 209 138
881 79 292 10 79 25 199 75 206 127 126 109 88 95 210 55 158 111 64 277 133 179 20 40 103 108 189 58 209 138 86 203 183 50 176 73 30 237 122 197 299 205 274 266 238 240 101 143 119 156 245 46 279 116 165 276 184 254 39 31 218 166 295 265 118 258 142 259 54 155 215 85 97 12 297 123 33 233 288 115 152
156 73 161 144 226 10 25 199 62 27 200 126 246 32 208 93 125 210 70 55 48 106 158 111 64 277 133 81 24 20 220 261 108 58 209 138 203 50 176 73 299 274 266 149 238 240 101 119 207 245 46 130 116 257 114 53 218 166 295 231 29 258 142 259 202 151 284 155 287 12 120 180 297 186 233
777 111 161 144 212 226 10 79 102 62 206 200 145 127 174 47 88 208 93 95 125 210 70 48 224 106 117 191 185 64 169 193 133 179 24 20 220 28 40 108 134 209 73 163 122 149 74 143 119 156 207 245 15 130 177 236 276 254 39 257 114 196 53 31 218 36 166 136 265 231 29 259 4 202 215 287 97 12 120 180 297 33 233 288 115 59 182 175 214 5 291 2 113 96 195 52 272 269 263 157 181 140 129 253 17 3 242 171 124 63 49 41 92
679 21 161 226 10 25 200 127 109 174 95 55 48 16 150 81 24 281 209 203 183 176 30
117 106 161 226 10 79 199 27 206 127 109 174 32 208 55 48 106 117 158 16 111 185 277 24 20 28 261 103 189 58 209 138 86 203 50 176 30 268 237 163 197 299 222 266 240 101 143 119 207 217 245 46 13 276 184 53 31 36 166 136 295 231 29 258 142 259 4 54 284 155 215 85 234 180 45 123 33 233 59 201 168 175 214 152 5 61 2 154 113 159 96 195 249 52 35 272 269 263 243 157 181 129 253 17 3 63 49 188
533 29 161 212 226 10 79 25 6 199 62 27 206 200 145 127 246 47 88 93 125 70 106 16 185 64 277 150 24 189 134
488 124 161 10 79 25 102 27 246 153 95 70 55 106 117 16 111 64 169 193 277 150 133 24 220 28 261 103 66 58 134 138 183 50 73 30 268 237 163 197 205 266 74 240 101 207 217 245 46 116 236 165 276 184 114 53 166 136 295 118 231 142 259 4 54 187 155 78 287 85 234 12 120 180 45 186 33 59 201 56 175 76 152 57 5 291 232 244 154 107 159 96 195 52 35 157 181 140 19 129 190 253 17 3 124 63 49 248 290 41 172 131 135 98 92 225 128 294 38 216 293 71 230 91 227 146
429 27 212 226 25 102 199 62 75 200 126 47 153 88 93 95 210 224 106 111 193 179 28 261 189 58 138 86 183
296 152 292 161 144 212 10 79 102 6 199 62 27 206 200 145 246 174 47 153 93 95 125 55 106 16 111 169 193 277 150 81 220 28 261 40 103 108 281 66 134 138 86 203 87 176 30 268 163 122 197 219 205 274 222 149 238 101 143 156 15 46 279 13 116 276 254 39 257 53 31 218 136 295 231 258 259 4 151 284 155 85 12 297 123 33 233 115 201 182 175 76 214 57 213 232 244 113 159 96 272 263 243 19 253 17 63 49 94 43 300 160 135 98 92 225 128 278 38 192 44 90 230 91 7 211 282 110 146 14 84 18 9 280 298 162 262 72 173 21 23 289 67 100 264 250 164 105 37 99 296 34 273 89
169 96 292 161 144 212 10 79 25 6 199 62 206 145 127 246 109 47 55 48 224 106 158 191 16 185 64 193 150 24 261 281 66 189 58 134 209 87 176 73 30 268 163 122 197 299 219 222 266 149 74 240 101 207 245 15 279 13 236 114 31 36 136 295 231 142 4 202 284 155 78 287 85 234 12 180 297 33 233 288 256 115 59 175 76 152 213 291 61 159 96 52 35 22 243 253 49 188
606 64 292 212 226 10 25 102 6 199 62 200 127 174 88 32 125 210 70 48 224 158 277 133 179 81 20 220 28 261 40 103 108 281 209 203 183 87 50 176 73 30 237 163 122 197 219 205 266 74 143 119 217 279 13 177 184 257 196 53 36 136 295 118 142 97
395 49 161 144 212 25 102 62 206 246 47 153 32 93 125 210 70 55 117 191 185 64 193 277 133 24 20 261 108 189 58 209 138 86 183 176 73 268 163 197 299 219 222 266 149 143 119 156 207 245 236
793 158 292 144 226 10 6 62 75 206 200 145 126 246 109 47 88 32 208 93 70 55 158 16 111 277 150 133 179 81 220 28 261 40 103 281 66 189 134 138 203 183 50 163 197 299 219 205 222 266 240 101 143 156 207 217 13 177 236 184 254 39 257 114 196 53 218 265 258 142 68 151 284 287 120 180 297 123 186 33 288 256 115 59 201 168 56 175 213 291 2 154 107 159 96 52 35 272 269 263 243 181 140 19 129 253 3 242 63 49 188 229 43 131 135 98 92 225 128 278 71 91 7 223 227 132 8 137 104 112 282 80 178 51 275 162 262 247 267 167 286 23 139 77 26 289 252 100 121 164 221 194 228 37 285 235 283 273 147 89
120 11 10 199 75 206 200 127 246 109 70 48 117
376 19 292 161 144 10 25 6 199 27 127 246 109 88 93 95 210 70 55 117 150
462 84 161 212 10 25 6 199 206 126 109 174 153 88 95 125 55 48 224 158 16 111 64 277 150 81 24 20 220 28 261 209 86 183 87 176 30 268 163 122 266 74 238 143 119 156 217 15 46 279 13 177 116 236 165 184 254 39 114 196 36 166 136 295 118 231 29 142 4 68 54 78 215 85 97 12 45 123 186 33 233 56 175 76 214 291
102 71 292 161 144 25 6 199 75 200 109 174 32 93 95 125 210 70 48 158 16 64 193 277 220 261 103 108 58 134 138 86 203 87 50 176 268 163 122 197 299 274 222 238 101 143 156 15 46 177 165 276 184 39 257 114 196 166 136 265 118 258 142 259 54 202 284 12 120 297 186 33 233
345 45 161 144 226 10 79 25 199 62 75 145 127 126 109 47 32 208 95 210 55 48 224 158 191 16 169 150 179 20 40 103 108 281 189 58 134 209 138 50 30 268 197 274 240 143 207
988 140 292 212 226 10 79 199 62 27 75 206 200 127 126 246 174 153 88 32 208 95 70 55 158 191 16 185 169 277 150 133 179 81 20 28 281 66 189 134 203 87 176 30 219 274 222 149 119 15 279 116 276 254 257 114 53 265 231 258 151 215 287 234 97 180 123 33 233 288 115 59 201 168 182 56 76 152 57 5 291 232 61 244 107 113 96 195 52 35 269 243 157 181 19 17 171 124 63 49 188 229 290 94 135 98 92 225 38 192 216 293 44 65 90 223 227 132 8 104 112 282 18 9 255 241 298 262 270 247 267 173 23 139 26 204 289 252 100 264 42 271
355 57 161 144 212 226 10 25 102 62 27 75 200 145 127 109 47 153 88 93 95 210 48 224 106 117 158 191 111 185 169 277 150 133 179 20 220 261 103 281 66 189 209 138 86 183 73 30 268 163 122 197 205 274 240 119 156 245 279
161 17 292 212 79 102 6 62 27 75 145 109 153 88 210 55 117 16 64
834 58 161 144 212 6 27 206 246 109 174 153 88 32 125 210 48 106 158 191 185 64 169 193 133 179 24 20 220 103 108 66 58 134 203 87 50 176 268 163 122 197 299 205 222 266 149 240 143 156 207 217 15 130 13 236 276 184 39 31
532 20 144 226 102 199 27 75 206 127 109 174 153 88 125 210 55 224 106 191 111 277
723 33 144 226 10 102 199 62 75 206 145 246 109 174 47 153 93 55 117 191 64 169 277 150 179 24 40 66 189 86 30 268 163 274 245
584 25 212 25 6 75 206 109 47 88 208 93 95 125 210 48 224 106 117 158 191 185 64 277 150 179 134
662 134 292 10 79 6 27 206 145 127 109 174 47 32 95 125 210 70 48 106 191 16 111 64 193 277 133 24 28 261 103 189 58 134 209 86 203 50 30 219 205 222 266 238 240 101 207 46 177 116 236 276 114 196 53 31 36 166 295 231 29 258 68 202 187 284 155 287 85 234 12 120 180 45 123 233 288 115 59 201 168 182 56 175 76 214 152 57 5 232 244 113 159 35 269 263 22 157 19 129 190 253 3 63 49 188 290 94 300 131 160 135 92 225 294 38 192 216 44 71 91 7 11 223 211 8 137 104 170 282 80 146 178 51 251 84
24 10 292 161 226 10 79 102 6 27 88 70
62 87 292 161 144 212 10 25 102 6 27 75 206 174 88 55 48 106 117 158 191 16 185 193 179 20 220 261 40 108 281 189 134 209 138 203 183 50 73 30 268 122 299 219 274 222 266 238 240 101 130 279 165 276 254 257 114 196 31 218 36 166 118 231 29 258 4 54 151 284 215 287 85 97 45 123 186 256 168 182 56 175 214 152 213 291 232 244 154
208 77 161 144 212 226 102 199 62 75 126 246 174 47 153 32 125 210 70 48 158 16 111 185 169 193 277 133 20 28 58 203 183 176 163 197 299 219 205 222 149 238 240 119 207 217 15 130 116 236 39 114 196 53 36 136 295 118 29 259 68 54 284 155 78 287 85 97 120 123 186 233 115 59 168 152 61 249 35
334 72 144 102 62 200 127 246 174 47 153 93 95 48 117 191 185 64 277 133 81 24 261 103 66 209 138 183 87 50 176 73 30 268 237 163 197 205 222 149 238 240 101 156 245 130 279 13 177 116 236 165 114 218 136 295 118 231 258 68 54 202 151 284 155 85 234 97 180 297 186 33 233 115
981 113 292 144 102 6 199 62 27 206 145 246 109 174 47 153 208 93 95 210 70 55 224 117 193 277 150 133 81 20 40 103 66 209 86 203 183 50 73 268 237 163 197 274 266 149 74 238 240 245 46 279 177 165 184 257 114 53 218 166 136 295 265 118 29 259 202 187 215 85 234 12 120 180 45 33 233 115 168 214 213 5 232 154 159 96 195 249 35 269 263 243 157 181 140 17 242 124 63 49 188 248 94 43 131 135 98 82 38 293 44 90 230 91 132
181 62 292 161 79 25 6 62 27 206 127 246 174 153 208 93 70 224 106 117 158 16 64 193 150 179 81 24 20 40 103 108 281 189 134 209 138 86 203 183 87 176 268 122 197 219 274 222 74 238 240 143 119 207 217 15 279 165 184 257 114 53 31 136
220 58 292 144 212 226 10 75 206 200 126 109 208 93 70 55 117 16 185 169 277 150 133 179 24 220 40 103 108 58 138 203 183 176 73 268 237 197 299 274 266 149 143 119 156 207 217 177 165 184 39 257 114 196 31 218 166 295 258 142
60 51 161 144 212 226 10 79 199 75 200 145 174 32 93 95 125 48 117 158 191 16 111 277 179 81 24 220 28 40 108 66 209 86 203 183 176 73 30 268 237 163 122 197 274 266 238 143 156 245 46 279 165
905 38 292 161 144 10 79 25 6 127 126 246 47 153 88 32 208 95 55 224 117 158 16 111 64 193 277 150 81 28 261 103 108 58 86 183 87 176 30 163
478 153 161 226 10 27 206 126 246 109 153 88 208 95 125 210 106 191 16 111 169 277 150 179 24 20 40 103 108 58 134 138 183 73 30 268 163 122 197 299 219 205 266 149 74 238 101 119 245 15 46 130 13 177 236 165 254 39 257 114 196 53 36 166 231 142 259 68 202 187 151 284 155 78 215 234 97 12 120 45 186 59 168 175 76 214 5 232 159 195 249 52 269 263 243 181 129 190 17 3 242 124 63 248 229 94 41 43 172 135 98 82 225 128 294 192 216 293 44 65 71 230 223 8 137 170 110 178 51 255 298 162 262 141 260 247 267 167 72 286 23 139 26 204 289 252 100 264 42 271 228 37 285 89 239
266 47 292 10 79 6 199 127 126 246 174 47 153 32 208 93 95 125 48 224 117 158 169 193 277 150 133 40 108 281 189 138 183 87 176 73 30 268 197 205 274 222 266 143 245 46 279 236 39
886 130 292 161 144 226 25 102 199 75 200 145 126 246 109 93 95 210 70 224 158 191 16 111 185 64 193 179 20 28 261 103 66 134 209 138 86 87 30 268 122 197 299 219 274 222 266 149 74 119 46 279 13 236 276 184 254 196 53 31 218 36 166 136 295 265 258 142 4 202 151 284 78 215 85 120 180 45 297 123 186 33 288 256 115 59 201 168 56 175 57 5 61 244 154 113 159 249 272 22 157 181 140 19 60 124 63 49 248 229 290 41 43 135 92 82 294 278 38 192 293 65 90 7 11 223 211 8 104 170 110 251
628 28 292 212 226 10 25 27 75 145 127 126 109 47 153 88 32 208 95 210 55 117 158 16 64 193 277 220 134 138
354 120 292 79 27 75 200 126 153 88 208 95 70 55 48 106 191 111 64 169 193 277 179 24 28 40 103 66 58 134 209 203 183 73 30 237 122 197 299 219 205 274 222 266 238 119 207 217 245 46 130 279 177 236 184 257 196 31 36 295 118 29 258 142 259 4 68 54 187 151 284 155 215 287 234 97 12 45 123 186 33 233 256 168 76 5 291 232 61 2 244 107 96 195 249 52 269 263 157 129 17 3 60 171 124 63 49 290 300 160 92 225 128 192 216 293 44 65 71 223 211 51
31 7 226 10 79 6 27 88 70
621 111 292 144 212 226 10 79 25 199 62 27 206 200 145 126 109 174 47 153 95 125 55 48 16 111 185 64 193 277 150 133 179 28 261 281 66 58 209 138 87 176 73 30 268 237 149 74 238 240 156 15 130 279 116 165 196 218 295 265 231 258 142 259 68 54 151 155 215 85 120 180 33 256 115 182 56 152 291 2 244 159 249 52 35 272 269 22 181 140 253 242 124 188 229 290 94 43 172 160 98 225 128 294 278 216 90 230 211 170 146 178 275
782 146 226 10 79 25 102 6 62 27 75 127 126 109 153 88 32 208 95 210 55 48 117 158 16 185 64 193 179 81 28 261 40 66 189 58 209 138 86 203 183 50 268 237 299 205 274 222 149 74 143 119 156 165 276 114 196 53 36 166 265 118 258 142 259 68 54 202 155 215 85 12 120 180 45 186 288 256 115 168 175 76 57 5 61 2 244 107 195 249 52 272 263 22 157 19 17 60 171 124 49 248 290 94 41 131 294 38 192 44 65 71 230 11 227 132 137 112 170 282 146 255 241 162 262 141 270 247 167 72 173 21 83 139 77 252 100 121 250 42 194 228 37 285 235 296 89 239
43 106 292 144 79 102 6 62 27 75 206 127 174 47 88 32 93 55 48 224 111 277 150 133 179 81 28 40 108 281 189 58 134 183 50 73 163 299 219 205 222 266 149 74 240 156 207 15 130 13 177 116 165 254 114 36 166 136 29 4 68 54 202 187 215 85 12 180 45 297 123 288 256 115 59 182 214 57 213 5 291 232 61 244 154 107 96 195 52 157 181 140 129 17 3 60 171 124 63 248 94 41 43 300 135 92 294 216
608 125 10 25 102 6 199 62 27 75 206 200 145 127 109 174 32 93 125 210 48 106 117 158 185 64 169 277 150 133 179 20 103 66 189 138 86 203 183 87 73 30 268 237 122 197 299 149 240 101 143 207 217 130 279 165 276 39 257 114 166 136 295 265 118 29 259 4 68 54 187 151 155 78 85 97 12 45 186 256 59 201 182 56 175 214 213 5 291 232 61 244 154 159 195 52 35 272 22 157 19 190 17 60 242 124 49 188 172 300 225 294 278 216 71 230 91 7 11 223 211 8 137 112 282 110 51
520 71 144 226 79 199 75 206 200 145 127 126 47 88 32 93 95 70 224 106 117 158 191 16 111 64 169 150 179 81 24 20 220 28 261 103 189 58 134 209 86 50 176 268 237 163 122 299 219 274 266 238 240 101 119 217 130 177 165 254 257 114 196 218 36 136 265 258 142 68 54 234 186
174 91 292 161 10 79 25 6 199 62 206 200 145 127 109 32 208 125 55 48 158 185 64 169 133 179 81 261 108 189 58 209 86 183 50 176 73 30 122 274 74 238 101 143 119 207 217 245 46 13 177 236 276 254 257 114 196 31 218 36 166 136 265 118 231 29 258 142 259 4 54 202 284 155 287 234 12 123 33 288 115 59 168 175 76 214 57 213 61 2 249 253 49
833 85 292 161 144 212 10 25 27 75 200 126 246 153 88 208 93 125 48 224 158 64 169 193 150 81 40 103 281 189 58 134 209 86 183 87 50 268 237 219 222 266 74 240 101 143 119 207 217 15 46 279 13 177 116 236 165 184 254 39 257 114 218 166 295 29 259 4 54 202 78 215 287 85 234 97 12 120 180 45 297 33 115 59 201 291 61
564 70 292 212 10 199 62 206 200 127 47 88 32 208 93 95 55 48 106 191 169 277 81 220 261 66 138 86 183 73 268 237 122 197 299 74 238 240 156 207 245 130 13 177 276 184 257 114 31 36 136 295 231 29 142 259 68 54 202 187 151 284 155 78 287 85 97 120 297 123 233 115
124 154 292 161 212 226 25 102 6 199 27 200 145 126 174 88 32 95 210 55 48 106 191 185 169 193 277 40 189 58 86 203 87 73 30 237 163 205 274 222 149 240 143 217 245 15 116 165 276 184 254 39 257 53 218 136 265 118 29 258 259 4 68 54 202 151 155 287 85 234 97 12 120 186 233 115 59 201 168 56 175 76 152 61 154 107 113 159 96 195 249 269 22 157 181 140 19 17 60 242 49 188 248 41 300 160 225 128 278 192 44 71 91 7 11 223 227 132 8 137 112 80 110 178 51 14 84 255 298 275 162 262 260 270 247 72 173 21 286 83 139 26 204 252 221 228 69 37 235 198 99 296 283 34 273 89
864 64 144 212 10 25 102 199 62 75 206 200 126 109 174 32 208 93 95 210 55 48 158 191 16 111 169 179 81 24 20 40 281 134 138 86 183 87 176 73 268 237 163 219 274 222 266 149 238 143 119 207 245 46 130 279 13 236 276 254 257 53 31 166 136 295
979 39 292 161 212 10 25 102 75 206 145 127 47 93 95 70 106 158 16 277 150 81 24 20 28 261 40 58 134 138 203 183 50 30 268 299 205 274 156 207 46
252 45 292 10 79 6 62 27 145 109 47 153 32 93 95 125 210 70 55 48 224 158 169 277 179 220 108 58 134 86 87 50 73 219 205 274 149 238 240 143 156 207 217 245 279 165 257
514 146 161 212 10 79 102 6 199 75 145 246 109 174 47 153 208 93 95 224 117 191 16 185 277 133 81 20 28 261 103 108 281 66 189 58 209 86 87 50 73 30 237 163 197 219 205 266 74 238 240 101 15 46 130 279 13 116 236 254 39 257 114 196 53 31 218 136 118 142 202 151 85 234 12 120 297 186 233 201 168 175 214 57 291 2 244 107 113 96 195 269 263 22 157 140 190 3 171 63 49 188 229 43 172 300 160 135 98 92 225 128 294 278 293 65 90 91 223 227 211 137 104 282 80 146 178 251 255 241 270 247 267 173 21 286 23 289 67 264 164 105 221 69 296 283 273 239
689 50 292 161 79 6 206 153 88 95 70 55 48 224 117 191 16 111 185 193 150 133 20 261 40 103 108 281 66 189 58 209 138 203 73 30 197 299 205 222 266 238 240 101 156 245 46 130 236 165 276 257
218 130 292 144 10 79 25 102 6 62 206 127 246 174 153 88 32 208 95 48 158 191 16 111 64 133 179 81 20 28 281 58 134 209 138 203 183 87 219 205 274 266 149 74 101 119 156 207 15 46 279 236 184 39 218 136 295 265 29 258 68 151 284 78 215 287 234 97 297 33 233 256 201 168 76 57 291 232 61 107 113 159 96 195 272 263 243 157 181 140 19 190 17 60 242 124 63 188 248 229 94 41 172 300 131 160 135 225 128 278 216 91 132 211 8 137 104 80 146 178 51 18 255 280 241 162 141 72 21 83 77 204
189 104 144 10 79 25 102 199 27 75 200 145 126 88 32 93 125 70 55 106 117 158 191 111 64 81 20 28 261 40 108 189 58 134 86 203 73 268 163 197 219 274 222 266 101 143 156 217 279 13 116 236 276 257 114 196 53 218 36 118 29 142 259 4 68 54 202 284 155 85 234 45 297 123 33 256 201 182 56 214 232 61 244 154 113 96 195 35 269 22 243 157 140 19 129 190 253 17 242 171 124 63 188 248 94 172
552 98 292 161 144 212 226 10 79 25 102 6 199 145 127 246 109 153 88 125 210 55 106 16 185 169 277 150 133 179 81 24 220 28 103 281 66 183 50 197 299 219 205 74 240 101 119 156 207 217 245 15 46 279 13 116 236 276 184 114 196 36 166 136 265 118 231 142 259 202 187 151 155 287 234 97 12 120 180 45 123 33 182 214 213 232 244 195 249 272 263 22 157 181 253 17 171 63 49 94
242 88 226 10 25 6 199 62 27 75 206 127 126 174 47 153 95 55 48 224 106 158 16 111 185 64 169 133 179 81 103 66 58 134 138 86 203 183 50 176 268 163 299 219 205 74 238 240 101 119 156 207 217 46 130 13 177 236 165 184 166 136 118 231 29 258 259 54 187 234 97 12 120 180 45 297 123 33 233 288 115 59 56 152 213 2 113 195 249 253
944 51 10 102 6 199 27 200 145 126 88 32 208 210 224 106 191 185 64 193 277 179 81 220 28 103 108 281 189 58 134 209 203 87 50 176 73 30 122 197 219 205 266 238 240 217 245 46 130 279 236 53 136
196 18 161 144 79 25 102 62 75 206 200 126 246 109 153 70 55 185 64 150
967 138 292 161 212 25 102 27 206 145 153 32 125 224 16 111 64 169 193 179 24 28 281 189 58 134 209 183 50 30 268 163 197 219 205 274 222 266 74 238 240 217 15 46 130 13 236 165 184 254 114 196 31 36 265 231 142 259 68 187 78 215 97 45 297 186 33 233 256 115 59 201 168 182 56 175 76 214 152 57 213 232 61 244 154 113 159 96 195 35 269 243 140 17 171 63 49 229 43 300 131 135 92 82 278 192 216 293 230 7 223 227 132 8 137 112 170 80 110 178 51 14 84 9 255 280 241 298 270 247 167 72 173 21 286 139 26 204 289 252
956 117 292 144 226 10 102 6 199 62 75 206 200 145 126 174 93 70 55 48 106 117 158 16 111 193 150 133 24 220 261 103 108 66 189 134 209 183 87 50 176 30 268 237 299 219 274 74 240 143 156 207 245 15 130 279 177 116 165 184 254 39 114 196 31 36 265 231 258 142 259 68 187 151 284 234 97 12 180 123 186 33 288 115 59 201 182 56 175 152 57 213 5 291 232 61 2 244 154 107 113 195 249 52 35 22 243 157 181 190 17 3 63 49 248 229 41 135 92
724 93 292 144 212 226 10 79 62 75 206 200 126 32 224 106 117 185 169 133 81 220 261 189 134 138 183 87 176 163 122 197 219 266 149 238 240 101 143 119 207 217 15 130 279 177 116 236 254 39 196 53 31 218 166 136 295 29 258 259 202 187 284 155 215 287 234 97 120 180 123 33 233 288 115 59 201 168 182 175 291 232 61 244 154 113 159 195 52 272 269 243 19 49 188
559 162 161 212 226 10 79 25 199 75 206 200 145 126 109 32 93 95 210 70 55 48 106 111 185 64 150 179 24 261 40 103 108 281 189 134 86 87 50 73 30 268 237 299 205 274 222 266 149 240 101 143 245 15 13 236 276 254 39 196 53 218 136 295 265 118 29 142 259 54 187 155 78 287 85 97 120 45 297 123 186 233 115 59 201 168 182 76 57 213 5 232 154 113 159 96 195 52 35 272 263 243 157 140 19 129 190 17 242 124 63 188 248 229 94 41 172 300 160 135 98 82 128 38 192 44 230 91 7 11 211 137 104 170 80 110 51 251 18 9 298 141 247 267 72 173 21 286 23 83 139 77 26 289 67 252 250 164 271 221 228 69 198 283
459 147 292 144 212 226 25 102 6 199 62 27 206 200 145 127 126 109 47 153 88 32 95 210 48 224 106 117 191 277 150 133 81 220 28 40 103 108 66 138 86 203 87 50 163 122 197 219 266 149 74 238 240 143 217 245 15 177 116 236 165 276 254 196 31 295 265 231 29 142 4 68 202 187 155 215 85 234 97 12 120 297 123 115 59 168 182 56 175 76 152 5 291 232 61 244 154 52 269 263 22 243 140 19 253 3 60 171 63 49 248 229 290 94 41 43 172 300 131 92 225 128 294 192 216 293 90 7 11 227 137 170 282 80 110 146 51 84 9 280 241 275 162 260 247 72 23 204 289
614 140 292 161 144 212 226 10 25 102 6 199 206 126 246 109 153 95 224 191 16 111 185 169 133 81 24 20 220 261 103 108 189 58 209 86 30 237 163 122 219 205 274 149 74 240 143 156 15 130 279 116 236 165 254 196 53 31 166 295 265 231 142 4 187 151 284 155 78 215 287 85 97 297 123 33 256 115 59 214 57 213 5 291 232 61 2 244 154 107 159 96 195 249 272 243 140 19 60 124 63 188 229 41 300 131 160 135 92 128 192 44 91 7 223 227 132 282 178 51 84 9 275 162 262 141 173 286 83 77 204 289 67 121 264 42 105 271 221 228 69 283
788 97 144 226 25 27 127 246 109 174 32 208 93 125 210 70 55 48 224 117 191 111 185 64 193 150 133 179 24 20 28 261 108 189 183 87 50 268 122 197 299 219 274 222 266 149 238 240 143 156 207 217 245 279 13 177 116 276 184 114 31 218 166 295 265 258 187 151 155 287 97 12 123 33 115 59 201 168 76 152 57 5 291 61 2 107 159 195 52 272 190 3 242 171 124 188 248 94 160
458 60 292 226 10 199 62 27 75 206 126 109 153 88 32 93 95 125 48 224 106 158 16 185 169 193 277 179 81 24 20 220 40 281 189 58 209 138 86 87 122 197 219 205 222 149 74 238 217 279 165 276 184 39 257 196 53 31 218 36 166 136
138 136 161 144 212 226 25 62 75 206 145 127 126 246 153 88 208 93 125 55 48 224 106 117 191 111 193 277 150 133 220 28 261 40 189 58 138 183 176 73 237 197 205 274 222 266 149 238 240 101 245 15 46 13 116 236 276 184 257 114 196 53 136 265 118 231 142 4 68 202 187 151 284 215 85 12 45 297 256 201 168 56 76 152 57 213 5 291 2 154 249 52 272 269 243 140 129 253 60 63 49 188 290 43 135 92 225 128 192 293 44 65 71 90 91 7 11 223 211 112 110 178 51 14 84 255 280 241 298 275 262 260 247 267 72 23 139 67
327 74 144 226 79 102 199 75 206 200 145 127 126 246 174 47 153 208 93 210 70 224 106 16 111 185 193 277 150 20 261 108 66 189 138 183 176 73 30 163 197 274 222 266 74 119 156 207 217 245 46 116 184 254 39 257 196 53 36 118 231 29 258 68 155 215 234 180 297 123 186 233 256 201 56 76
853 54 292 161 10 102 6 199 206 145 126 246 174 153 32 93 95 125 48 106 117 111 169 193 277 150 24 220 28 261 66 189 209 138 86 87 50 176 237 122 219 149 143 156 217 130 279 165 254 39 53 136 231 258 142 97
516 60 161 79 102 6 62 27 200 145 127 126 109 174 47 153 93 95 210 48 117 191 111 185 169 193 277 150 28 134 209 87 176 268 122 274 222 149 238 240 119 46 177 116 236 276 254 39 114 295 265 118 231 142 259 68 155 234 97 180 297 33
708 70 10 25 102 6 206 126 109 47 88 208 95 70 48 224 117 158 191 193 277 150 133 20 28 261 40 103 108 281 66 58 138 86 183 87 73 163 299 205 274 266 74 238 240 101 119 207 15 279 13 177 116 165 276 254 114 53 218 166 265 231 29 259 4 68 202 151 234 120 297 186
483 134 292 144 212 10 62 75 200 126 109 88 93 95 125 55 158 191 16 64 193 277 150 81 220 28 261 103 281 66 189 58 209 86 203 183 87 30 268 205 274 266 149 74 240 101 207 15 116 236 276 114 196 53 295 118 231 29 258 142 259 68 202 187 151 284 215 234 97 180 45 297 233 288 115 182 175 152 57 213 232 61 107 159 195 52 35 269 263 243 181 190 253 17 3 60 63 49 188 94 172 300 160 225 128 294 38 216 91 7 11 223 132 104 112 170 80 110 146 51 251 9 255 280 241 298 260 247 21 286 83 139 26 204 67 252
303 38 226 10 25 62 206 145 127 174 153 208 93 95 125 70 106 117 191 16 185 193 133 179 81 24 20 220 261 103 189 134 138 203 87 176 73 30 237 163
572 134 144 212 10 79 25 102 6 199 246 174 153 208 93 210 55 224 117 158 191 16 169 193 277 81 220 28 261 108 281 189 58 209 138 86 203 183 176 268 163 274 149 74 238 101 156 207 217 245 46 130 177 236 254 196 53 31 36 166 136 295 118 231 258 259 4 202 151 284 287 85 97 180 45 297 186 33 233 256 168 175 76 214 57 232 107 159 195 249 52 272 263 22 157 181 129 3 242 124 49 188 248 229 290 94 41 43 300 131 135 98 82 225 278 90 230 91 7 223 132 211 282 146 14 251 84 280 241 298 275 270 267 23 77 67
256 94 161 226 10 79 199 27 75 145 127 246 47 153 32 125 210 70 55 224 117 158 193 150 81 20 28 261 189 209 203 183 87 176 73 268 163 122 205 266 149 74 119 207 217 46 279 13 177 116 236 39 257 114 196 53 31 218 166 136 265 231 29 258 142 259 155 78 215 234 120 297 123 33 233 256 182 175 214 152 57 213 232 2 244 107 113 96 52 35 272 19 124 63 49 248
491 142 292 144 10 25 62 75 206 127 126 246 109 47 208 125 48 224 191 111 193 277 179 81 24 20 220 28 103 281 66 134 209 203 73 163 122 299 219 274 222 266 149 74 240 101 143 119 217 15 13 165 184 39 257 114 196 31 218 295 231 258 4 202 187 151 284 78 287 85 12 180 297 186 33 288 256 115 59 201 168 182 56 175 76 214 244 154 107 159 35 243 157 19 129 190 253 60 242 124 63 41 43 300 160 92 278 38 65 7 11 132 8 104 282 80 110 178 251 84 18 280 298 162 262 260 247 167 72 286 23 83 139 77 204 289 67 252 100 42 221 69 198 283
188 54 144 25 102 199 206 200 127 109 153 32 125 55 224 106 16 111 193 133 24 261 40 66 189 134 203 183 87 50 30 237 299 274 266 149 74 119 156 207 245 15 279 236 165 276 257 36 295 231 29 142 68 54 151 155
201 52 292 161 226 25 102 6 199 62 27 75 206 200 145 109 174 153 32 93 95 70 55 48 224 117 191 111 185 64 193 277 24 20 261 40 281 66 58 134 209 138 183 50 176 268 299 205 266 149 238 207 130 165
579 146 292 161 144 212 10 79 102 27 206 145 127 246 47 88 32 93 95 210 224 158 191 16 111 185 64 169 179 20 28 261 103 108 66 189 58 138 203 87 50 176 30 197 219 205 222 149 74 238 240 119 217 245 130 279 13 236 276 254 257 114 196 53 31 166 136 295 265 118 231 29 259 187 284 155 78 287 85 97 12 180 297 123 186 288 115 59 201 168 182 56 175 57 213 291 232 2 113 159 96 52 272 263 243 19 190 17 242 171 124 49 188 248 229 94 41 43 300 92 294 38 192 216 44 71 90 91 223 227 211 104 80 14 255 298 162 262 141 260 247 267 72 173 286 204 67 252
420 49 292 144 212 79 6 62 206 200 127 109 174 208 95 210 106 117 158 191 64 277 150 133 81 24 20 220 28 103 108 281 86 203 87 50 176 73 30 268 237 122 197 205 274 222 143 119 156 245 46
178 98 212 10 79 25 102 6 199 62 75 206 200 127 246 109 47 153 93 210 70 48 224 106 185 169 81 20 28 66 134 209 138 86 73 237 163 122 197 219 205 274 222 74 238 240 101 143 15 46 279 13 116 165 184 254 257 196 53 218 36 258 142 4 68 187 78 215 287 85 234 12 120 45 297 123 186 33 233 288 256 168 182 56 76 57 232 2 244 154 107 159 35 263 22 157 140 19 124 188
483 127 212 79 199 200 246 109 88 32 208 125 70 55 224 117 191 64 277 150 81 220 261 40 103 66 58 209 86 203 87 50 176 73 30 237 122 205 274 222 266 74 238 101 245 116 236 165 276 184 114 196 53 31 36 166 136 295 118 29 259 4 187 284 155 215 97 45 297 186 233 288 256 115 201 76 152 5 291 232 107 35 243 140 253 17 60 242 248 229 94 300 131 160 225 128 294 278 192 216 44 71 90 230 223 227 137 104 170 110 14 251 18 255 280 241 298 275 162 262 260 270 247 267 286 139 26 67 252
645 159 161 144 212 226 102 6 199 27 200 145 127 126 109 174 47 32 93 95 210 55 48 224 106 191 16 111 169 193 277 150 133 179 81 24 103 58 134 209 87 50 73 122 74 238 156 207 46 279 13 177 236 254 114 196 218 36 295 265 118 231 258 259 4 68 187 97 12 120 45 297 123 288 59 168 182 56 76 214 152 57 291 154 107 113 96 52 272 269 263 243 181 140 129 190 253 17 3 60 242 63 290 94 41 131 135 98 92 82 128 192 216 293 65 230 91 11 223 227 137 104 112 282 80 110 146 51 14 18 255 241 298 275 162 262 141 260 72 173 286 23 83 26 204 67 252 100 264 250 42 105 271 228 69 198 99 296 283 34 273
354 88 161 144 79 102 199 62 200 127 246 109 47 153 32 208 93 210 70 55 185 193 133 24 220 281 66 189 58 134 138 86 87 73 197 205 274 149 74 238 101 143 119 156 207 46 130 236 276 31 36 166 295 118 231 29 258 259 68 202 151 284 155 85 12 120 45 288 256 59 168 76 214 57 5 232 2 154 107 159 249 272 269 22 157 140 19 253 188 248
534 136 292 226 25 27 75 206 200 145 246 109 47 88 32 208 95 125 210 70 48 224 158 16 111 185 64 133 179 20 261 40 66 138 203 87 50 176 73 237 163 122 197 299 222 238 119 245 279 13 116 165 257 114 31 218 136 265 259 202 187 151 155 97 120 297 123 186 33 233 288 256 201 168 182 152 5 291 2 154 107 159 249 52 35 272 22 157 19 129 253 17 3 171 248 229 290 94 300 131 160 135 294 278 44 65 90 227 137 104 112 282 80 146 178 14 251 9 280 241 275 162 262 267 173 21 23 67 100 121 164 221 285 235 198 296 273 148
749 52 292 161 144 212 226 62 75 206 200 145 127 109 174 47 32 208 93 95 210 70 55 48 106 158 16 111 277 133 179 81 24 103 108 66 189 58 134 209 86 203 87 176 268 237 163 122 219 205 240 143 119 279
745 140 292 226 10 6 199 62 27 75 200 126 47 153 88 208 93 55 48 106 191 16 111 169 193 150 20 261 40 108 66 58 209 86 87 50 163 122 205 222 149 74 240 101 156 217 15 46 177 116 165 276 39 114 196 53 218 36 166 136 265 258 142 259 4 68 54 151 287 85 234 97 12 180 297 123 233 288 256 115 59 168 182 56 214 213 61 2 244 154 107 113 96 195 263 22 243 181 19 17 60 171 124 63 229 290 41 172 300 131 98 92 128 294 278 65 223 132 211 8 104 170 110 178 51 251 84 18 9 280 262 247 267 72 286 23 83 139 26 204 289 252
650 51 212 226 10 25 102 6 75 206 145 174 47 88 32 125 210 55 224 158 191 16 193 277 179 20 220 261 66 134 87 50 176 73 268 237 163 299 219 205 222 266 149 156 217 245 15 46 279 116 184 39 166
878 32 292 161 144 212 226 79 102 6 62 200 145 109 174 47 88 32 93 125 210 55 48 158 111 185 150 133 28 108 58 138 86 237
17 120 102 62 27 75 126 246 47 153 88 32 93 95 125 70 55 224 158 185 193 150 179 24 28 261 40 66 189 58 209 138 50 163 299 149 74 240 207 46 279 116 236 165 276 254 39 257 114 196 53 218 36 295 231 29 142 68 54 187 284 287 85 234 97 120 45 186 33 233 288 256 59 201 182 56 175 76 214 57 213 232 244 154 96 195 249 52 263 243 157 181 140 19 253 17 3 60 242 124 63 49 188 229 41 43 300 98 92 82 294 38 192 293 44 65 71 230 91 223 227 132
994 64 161 212 102 6 62 206 145 153 32 208 93 95 70 48 106 158 191 16 64 193 277 150 179 81 20 28 261 40 103 108 281 189 58 134 209 138 203 183 87 176 268 237 299 205 274 222 266 74 238 240 143 119 15 46 279 13 116 236 276 184 254 39 196 136
198 139 161 10 79 199 62 75 206 200 145 127 126 174 47 153 208 95 48 106 117 191 16 111 185 64 169 193 150 179 24 20 28 261 40 66 134 138 50 176 73 268 122 299 219 149 74 238 143 156 207 15 279 13 177 116 236 165 184 196 53 218 36 231 142 259 4 68 54 202 187 284 78 215 12 180 45 297 123 186 33 233 59 182 56 76 214 152 291 232 244 113 96 195 52 35 263 22 181 140 19 190 171 63 290 135 98 82 225 128 294 38 293 44 7 11 223 227 8 137 104 112 170 110 146 51 251 84 18 9 255 247 267 21 286 83 139 77 204 289 67
67 32 161 144 226 10 6 62 27 75 126 246 174 153 88 93 95 125 55 224 106 158 191 111 193 133 179 81 281 66 134 183 73 237
394 130 161 144 212 79 199 62 27 206 145 127 126 246 47 95 210 48 224 117 158 191 64 169 193 277 150 179 81 20 108 281 66 58 134 209 138 86 203 87 176 30 237 197 299 219 274 222 266 74 238 101 143 156 207 177 116 236 257 196 53 31 36 136 295 142 68 54 202 151 215 287 85 12 120 180 45 33 233 256 59 201 168 56 175 76 214 57 154 113 96 35 269 263 181 140 129 190 253 17 3 60 242 124 63 290 43 131 135 98 82 128 38 216 44 65 71 90 230 11 227 132 137 282 80 146 51 9 275 262 204 289
893 151 212 226 25 199 62 75 206 200 127 126 47 208 93 95 125 70 55 158 191 16 64 193 277 150 133 24 20 28 261 40 108 66 189 134 209 138 176 163 122 205 222 266 74 238 101 119 156 245 15 279 13 177 165 184 254 39 257 114 53 36 265 231 142 259 4 151 155 85 97 120 297 123 233 201 168 182 56 175 76 214 5 107 249 35 272 263 22 157 181 140 129 190 253 60 242 171 124 63 49 248 290 41 43 300 160 98 92 225 128 294 278 192 44 7 11 223 227 211 8 137 104 282 80 146 178 51 14 18 9 255 241 162 247 167 173 286 23 83 77 252 121 264 105 221 69 37 285 198 99 239 148
296 77 292 161 144 212 10 79 25 102 199 145 127 126 246 174 88 32 125 70 55 48 224 106 158 191 16 111 185 81 24 28 261 40 281 138 203 176 73 30 122 197 299 219 205 274 74 238 119 15 46 130 13 177 184 39 196 53 218 36 136 295 265 118 231 142 4 54 202 151 284 78 287 85 97 180 186 33 233
769 159 292 144 226 10 79 6 199 62 27 206 200 126 109 153 88 32 208 93 125 210 55 48 106 117 191 16 111 185 64 193 277 150 133 81 24 20 220 28 103 66 189 58 209 138 86 87 50 73 30 268 163 299 222 266 74 240 119 207 217 15 46 254 257 196 36 166 231 258 142 4 68 202 284 155 215 85 97 12 33 233 59 168 175 152 57 213 232 61 154 96 249 52 272 22 243 19 129 190 253 17 3 60 242 49 248 290 94 41 43 300 160 98 92 225 294 278 38 293 44 65 230 91 227 8 137 282 178 51 14 251 84 18 280 241 298 262 141 247 267 72 83 139 204 289 100 264 250 42 194 228 69 37 285 235 198 283 273 147 89
954 133 292 10 25 27 206 145 246 47 153 88 32 208 93 95 210 48 224 16 111 64 169 193 133 179 24 220 103 108 66 189 138 86 50 30 268 237 197 299 219 274 74 101 156 207 217 15 46 130 13 177 236 165 254 39 257 196 53 218 136 295 265 258 142 4 68 151 155 287 234 12 33 233 256 115 201 168 56 214 152 61 2 244 107 52 35 263 181 190 17 3 171 124 63 248 229 290 172 300 160 92 82 128 278 38 216 230 91 7 132 282 146 14 251 84 9 255 241 298 275 262 260 247 167 72 173 286 83 139 77 289 67 250 271
335 67 161 226 10 79 6 199 206 200 126 47 153 125 210 70 55 191 16 111 185 64 277 24 220 28 261 40 108 281 189 86 87 50 73 237 122 222 149 101 143 207 217 245 15 46 279 116 165 276 184 254 257 53 136 295 265 118 29 258 4 68 202 78 85 12 180 297 123
194 76 161 144 212 226 10 199 27 75 206 246 174 47 153 88 93 125 70 224 106 158 16 64 169 277 150 133 179 24 40 108 66 209 203 183 87 176 30 268 163 299 205 274 222 266 149 74 238 143 207 15 279 177 116 236 184 114 31 166 136 231 142 187 151 287 97 12 45 297 186 33 256 115 59 201 168 291
990 149 161 144 226 25 199 75 200 145 246 109 174 47 153 32 95 125 55 48 224 117 158 16 185 169 193 179 261 281 58 134 138 86 50 176 30 268 163 299 222 238 240 101 143 207 15 46 279 165 276 184 254 39 114 196 53 36 166 295 231 258 4 54 187 151 284 155 215 287 85 12 120 180 45 33 233 115 59 182 56 152 57 2 154 107 113 159 249 35 272 269 263 22 243 157 181 140 129 190 253 17 3 60 171 124 49 188 229 94 41 172 160 135 82 225 294 38 192 216 44 65 71 91 11 223 227 132 137 104 112 170 282 80 18 241 298 162 141 260 270 173 21 286 139 289 67 252 121 105 228
465 101 292 226 10 79 25 102 62 27 246 109 32 95 125 70 55 224 158 16 185 64 169 277 133 179 20 220 28 261 281 58 134 209 86 203 87 50 73 30 163 219 205 149 74 101 119 156 217 245 130 165 184 254 114 196 53 31 218 36 166 295 265 231 258 202 187 78 85 234 97 123 233 288 256 115 201 168 56 213 5 291 232 2 154 107 113 96 195 272 269 181 19 3 124 188 229 131 135 128 294 38 216
632 85 161 144 212 226 79 199 62 75 206 200 145 109 174 47 95 125 70 55 224 158 191 111 64 193 179 81 20 220 28 40 103 281 189 58 209 138 86 203 73 237 163 197 299 205 274 149 74 240 143 119 15 279 13 177 276 114 196 53 166 265 29 142 54 202 187 284 78 287 85 12 180 45 33 233 168 76 214 152 213 5 291 232 244 249 253
39 5 161 144 79 200 88
643 122 226 10 79 25 6 27 75 145 126 246 174 47 153 32 93 210 70 224 158 191 16 185 64 193 277 150 179 24 220 189 134 209 138 203 183 87 268 197 219 205 222 149 238 143 156 245 130 279 13 116 276 184 114 196 31 166 295 265 118 259 4 68 54 187 155 78 215 234 12 120 180 45 297 288 115 175 214 152 5 232 61 2 107 113 96 249 52 35 22 19 129 17 60 242 171 124 63 49 188 248 229 290 41 172 300 160 135 128 278 38 216 293 44 71 230 91 8 112 282 110 146 51
974 109 292 10 79 25 62 27 75 127 126 246 174 47 153 32 93 158 191 111 169 193 277 150 81 20 220 261 40 134 138 203 183 87 73 30 268 163 219 274 266 149 238 143 119 156 13 254 257 53 31 295 231 29 142 4 54 284 78 85 12 180 45 297 123 33 233 288 115 59 168 182 56 214 5 291 232 61 244 154 107 113 159 195 52 35 22 157 19 129 190 253 17 3 60 242 171 188 248 94 41 160 98 294 278 216 44 91 8 170 51
741 61 10 79 6 62 206 127 246 109 174 47 88 32 93 95 55 48 106 158 191 16 185 277 179 40 103 108 138 203 183 87 50 268 163 122 197 205 222 149 74 238 240 101 143 119 15 46 13 177 116 236 165 276 184 254 257 196 295 265 118 54 97
695 153 161 212 10 79 25 102 199 27 75 200 145 127 126 246 174 47 88 32 208 93 70 48 224 111 185 193 150 81 24 220 40 103 189 134 138 203 87 176 122 197 299 219 205 274 222 149 240 101 156 15 46 279 116 236 165 276 39 257 196 31 166 136 265 118 231 258 4 54 187 151 215 287 97 12 180 297 123 33 201 56 76 214 57 213 61 2 154 113 159 272 157 140 129 242 171 63 49 188 94 41 43 172 131 160 135 92 82 225 128 294 278 38 192 216 293 44 90 230 91 7 223 227 211 112 282 146 51 9 255 280 275 141 260 247 72 173 21 286 23 83 139 26 67 252 100 42 221 194 69 235 99 273 148
761 73 292 161 144 212 226 10 25 199 62 75 145 126 246 208 93 125 70 55 106 117 16 111 185 64 193 133 179 24 261 40 108 281 66 209 203 87 50 176 197 299 219 266 74 238 101 143 207 217 46 116 236 165 254 39 257 53 31 36 166 136 118 231 54 202 284 78 287 120 45 297 233 201 152
161 131 292 212 226 6 199 62 27 200 127 109 47 88 208 93 125 70 55 48 117 16 64 169 277 179 20 220 261 103 108 66 189 58 86 87 50 176 163 197 274 266 149 74 238 240 101 119 217 245 15 13 165 184 39 257 196 31 218 295 118 231 29 142 187 151 78 215 234 97 120 45 297 186 33 256 59 201 168 182 214 152 57 213 232 61 2 154 107 113 96 249 263 22 3 124 63 188 248 94 172 300 131 160 98 92 82 225 128 38 192 293 44 223 227 132 112 170 110 51 14 255 298 275 162 260 247 267 21 83 26 204 67
57 44 226 102 6 199 27 145 127 174 47 88 125 70 48 106 158 16 185 169 193 133 81 24 28 261 40 66 189 134 209 86 183 87 50 176 30 268 122 197 299 219 222 149 207 279
672 115 161 212 79 199 62 27 200 127 126 109 174 32 208 125 210 70 55 48 158 191 185 64 193 277 133 20 220 28 261 58 138 183 50 176 73 30 268 163 122 299 205 274 266 149 240 119 156 245 15 46 279 116 236 165 276 184 254 257 114 196 166 231 29 258 142 259 202 187 151 284 78 85 234 120 233 288 256 115 201 56 175 76 214 57 291 232 2 244 154 107 113 269 263 140 129 253 60 242 171 63 188 248 229 94 300 131 160 98 92 225 128 294 216 71 223
