500
1 5 84 309 144 393 43
782 2 361 338
544 9 11 448 274 458 496 104 483 325 55
580 4 482 461 175 419
373 6 443 236 156 270 491 313
386 5 453 274 487 202 153
143 3 140 197 231
79 1 220
960 4 19 134 332 251
308 6 379 2 142 338 395 8
246 2 131 252
337 3 453 410 31
962 4 184 433 282 491
202 3 268 255 264
692 2 235 140
163 1 25
879 4 90 142 217 42
298 8 459 370 345 115 161 29 481 383
286 2 110 249
707 3 90 479 20
989 7 386 355 252 202 399 261 200
378 3 177 96 134
369 3 393 338 289
586 2 373 65
169 4 328 372 90 285
445 9 293 342 91 35 447 208 424 48 299
103 3 25 453 477
357 4 470 36 204 151
342 5 355 149 441 402 330
892 7 193 86 168 137 401 402 46
578 1 493
940 3 477 32 266
242 2 259 81
781 4 66 317 396 214
436 2 163 222
764 2 434 136
306 7 12 438 35 475 424 161 413
819 3 246 199 415
150 5 135 153 93 129 145
249 0
819 2 2 132
261 2 317 384
342 2 319 236
259 2 462 28
338 5 372 346 431 387 413
491 4 292 351 72 347
135 5 393 218 447 104 109
414 7 20 441 137 316 80 195 209
355 6 180 144 429 416 42 175
19 5 259 16 246 163 267
487 0
192 1 271
359 1 123
28 0
448 4 82 217 94 419
340 5 455 166 95 104 444
393 3 90 448 428
205 1 222
319 4 142 490 87 381
496 6 315 12 201 458 441 230
282 7 90 31 104 117 203 414 138
248 4 82 436 432 454
961 3 203 500 423
391 5 351 104 320 14 121
765 4 98 140 290 238
953 4 246 303 17 149
430 5 163 438 91 376 44
830 9 110 71 499 331 254 288 314 382 430
1 1 379
252 1 462
575 2 91 364
474 6 315 123 54 257 368 341
410 9 221 318 377 77 368 194 308 300 21
478 2 463 207
201 5 338 439 8 375 56
701 0
579 5 263 274 215 160 343
125 3 27 394 418
937 4 333 312 138 55
365 6 179 216 240 395 287 254
352 2 148 323
31 3 98 89 446
932 5 43 89 410 336 233
3 4 171 50 181 390
476 6 493 33 458 103 158 190
810 1 427
514 5 304 371 416 252 120
237 2 246 81
107 3 108 246 354
300 0
228 1 243
442 4 146 105 184 257
426 3 315 378 175
934 2 340 367
708 3 429 131 93
783 3 276 495 225
458 4 326 305 391 324
55 2 43 159
543 7 434 132 471 385 51 194 55
29 4 293 267 265 296
101 3 105 380 282
672 3 78 466 458
109 3 377 420 266
207 8 293 43 370 204 59 445 295 273
582 1 438
619 7 180 201 154 8 321 128 469
908 3 2 77 348
7 1 328
680 7 293 114 170 238 339 417 60
943 1 111
17 3 328 329 476
814 4 393 295 363 183
598 3 36 227 442
125 0
688 3 24 396 470
743 4 280 395 458 168
817 8 406 385 253 367 426 484 187 109
75 6 456 421 161 128 63 172
336 4 476 24 65 292
927 6 98 409 419 374 257 192
956 3 329 346 143
666 6 456 54 427 70 485 214
377 2 309 16
256 5 43 199 4 447 188
428 6 136 69 447 296 264 60
28 7 144 149 283 380 360 425 275
374 8 389 176 356 366 55 398 349 3
981 2 380 313
957 3 36 161 30
51 2 351 174
579 1 171
121 3 163 482 418
974 6 390 98 310 289 253 414
286 8 31 370 238 475 49 77 366 97
100 2 354 232
486 2 359 362
953 3 240 404 400
387 7 353 186 357 257 365 316 299
927 4 105 337 184 490
69 4 218 241 248 71
79 6 249 182 137 39 454 352
118 0
957 5 43 478 356 69 187
237 1 310
490 10 144 90 394 232 432 265 20 160 402 481
349 3 285 410 41
914 6 418 207 339 420 498 34
960 1 416
895 3 298 199 356
535 5 43 240 265 273 129
887 3 262 237 95
730 2 36 357
803 4 364 94 431 115
349 4 12 342 184 255
267 4 285 17 187 39
738 9 476 218 2 94 420 256 341 46 287
29 5 163 42 421 34 72
70 4 394 232 351 257
780 2 434 78
736 5 443 53 471 273 282
93 5 373 370 448 302 281
78 9 370 478 87 458 333 484 284 497 465
488 1 135
498 1 294
244 6 315 418 253 445 269 208
78 4 373 395 420 450
99 0
125 3 170 101 401
170 1 30
951 2 91 463
5 2 111 460
656 6 24 19 175 56 124 344
212 2 329 51
947 2 111 420
738 0
869 5 456 394 178 376 131
367 0
250 0
68 2 84 353
4 1 482
210 1 315
587 2 136 198
437 9 319 477 384 336 466 22 254 299 124
20 5 215 357 120 122 20
322 1 399
43 2 33 216
115 8 307 2 361 260 480 496 343 495
222 5 390 222 318 199 118
40 8 166 475 255 104 38 224 37 398
567 4 364 36 204 5
167 6 84 304 25 355 219 240
703 3 429 204 151
197 4 309 179 294 217
728 6 390 336 166 428 229 397
374 8 74 385 203 308 297 245 162 444
397 6 171 410 23 64 324 75
201 6 167 19 445 141 126 489
980 4 25 19 441 129
443 2 81 35
417 5 434 110 62 96 197
555 2 412 237
795 3 338 86 385
710 3 180 11 405
144 5 476 409 170 274 280
792 9 356 435 191 265 421 103 233 322 399
462 3 458 104 211
214 5 218 135 361 342 455
162 6 25 219 478 433 154 325
658 12 123 361 159 277 186 470 346 40 121 200 489 26
446 2 186 401
217 7 461 191 137 258 469 226 61
79 2 41 178
154 4 4 473 425 196
752 4 301 91 364 227
992 2 201 32
118 4 434 476 354 493
484 0
289 0
893 2 309 148
573 1 373
780 3 54 243 219
775 1 260
476 5 19 182 69 391 405
26 5 319 95 203 497 411
598 2 14 297
57 1 455
99 3 146 439 143
432 4 89 236 367 18
102 3 364 258 63
895 4 471 450 38 96
438 4 447 279 169 403
925 2 329 390
924 3 393 185 30
640 3 399 312 254
52 0
893 1 318
264 4 100 445 57 77
918 3 432 478 480
110 8 310 108 292 346 133 358 254 469
532 3 394 280 336
318 0
363 8 319 220 435 448 498 331 402 467
283 0
774 6 393 159 342 323 92 347
11 5 82 307 66 213 75
464 0
567 1 171
554 4 89 340 88 339
950 6 247 249 204 276 499 420
161 5 468 483 281 223 472
522 7 86 165 352 474 37 486 26
794 1 152
384 4 111 309 149 237
104 5 354 182 415 485 107
29 5 476 303 130 333 117
756 9 434 217 240 192 491 399 155 85 383
634 5 340 19 4 139 69
119 5 147 192 8 313 360
159 3 25 456 285
349 2 292 396
257 8 310 236 176 427 300 245 48 206
576 4 356 166 412 182
147 2 359 53
257 7 27 310 452 278 346 419 451
388 2 31 57
695 7 259 267 235 292 88 337 454
988 2 393 293
151 3 476 342 262
67 2 252 104
5 8 361 31 243 91 248 462 321 64
661 8 493 355 342 4 94 70 437 230
938 2 103 13
426 3 146 337 473
444 2 193 357
612 4 394 173 425 121
528 1 171
429 3 436 105 461
353 3 246 326 461
74 3 327 274 141
548 2 268 421
381 7 304 235 33 116 10 244 128
367 1 95
554 4 372 384 490 76
120 6 278 235 337 367 484 358
515 5 293 319 456 410 277
422 1 468
713 11 456 443 446 359 178 260 463 215 488 485 273
156 4 2 411 223 440
234 1 394
810 5 111 119 435 471 4
749 2 166 395
225 2 289 260
129 1 159
199 1 317
220 4 452 93 279 441
772 5 41 421 257 283 426
516 5 328 496 297 234 112
27 3 373 278 377
814 4 90 105 260 32
908 2 282 281
35 2 218 146
243 3 364 253 496
546 3 84 482 317
36 2 310 446
248 5 277 41 487 137 366
8 3 119 333 92
87 5 89 246 301 267 24
852 5 41 381 392 205 68
61 2 180 2
60 1 110
217 7 159 263 176 480 136 62 497
108 3 361 450 188
788 4 110 14 250 21
223 4 220 429 93 209
275 1 84
780 8 452 294 11 364 148 302 311 106
168 1 342
492 2 140 370
244 0
962 7 476 378 333 227 282 52 492
990 3 456 222 93
734 3 329 33 130
975 2 319 428
62 3 248 279 411
908 7 246 90 123 241 140 182 321
243 3 278 235 353
717 4 298 455 470 74
56 1 25
181 4 181 82 434 293
858 4 268 380 197 190
128 9 371 33 219 339 475 295 366 464 474
250 4 114 20 223 80
287 1 457
37 5 221 461 298 263 175
552 6 278 235 140 364 458 381
647 1 2
375 2 334 6
793 4 135 212 286 342
882 4 394 232 238 120
549 3 142 386 396
372 3 459 357 392
453 2 24 33
775 2 58 125
471 3 310 364 165
511 6 220 471 337 215 151 362
330 5 390 304 12 438 286
842 5 110 249 155 497 37
323 5 41 289 496 141 143
376 2 483 97
135 11 246 88 4 274 6 253 122 426 484 8 229
214 0
496 4 108 289 448 333
851 5 434 90 130 432 23
621 3 247 459 170
774 0
616 2 479 345
648 8 460 278 342 370 147 139 433 335
495 1 22
467 2 315 371
917 6 90 317 479 32 189 45
50 1 309
959 4 393 334 174 496
279 5 146 57 38 72 209
149 1 319
831 7 218 11 176 95 380 366 8
656 7 144 488 335 115 437 194 133
911 1 286
498 5 267 298 480 76 107
524 3 376 71 296
992 3 292 186 86
352 2 310 429
18 1 220
106 1 355
180 1 302
194 4 123 53 463 162
500 0
347 2 334 86
876 1 388
20 3 307 452 66
257 7 232 493 286 306 169 352 365
687 2 19 137
546 5 277 499 185 64 413
927 4 340 295 494 9
252 2 222 140
8 4 390 319 334 337
178 2 493 177
377 4 31 36 87 494
337 0
784 7 171 246 409 221 318 459 377
210 3 304 218 477
563 13 25 315 135 416 364 119 280 337 273 85 150 99 469
531 8 144 357 69 404 495 73 67 97
265 2 82 406
132 3 388 278 389
180 5 186 173 59 182 76
943 2 207 15
950 1 446
672 6 146 340 359 42 496 5
625 7 482 377 175 57 464 272 121
814 7 298 204 345 480 117 284 96
663 1 483
402 7 82 218 410 71 311 391 96
551 11 329 388 179 243 346 125 224 312 118 467 68
839 4 4 483 273 164
203 4 443 132 129 210
276 0
478 5 477 202 320 423 231
337 4 371 269 228 156
406 1 53
335 1 371
637 4 221 105 8 7
419 3 132 151 253
615 5 383 197 413 449 127
812 7 304 466 400 126 239 242 494
347 4 370 147 420 173
221 2 286 167
185 5 82 378 323 268 392
282 3 90 193 463
804 5 386 204 136 20 102
979 6 310 448 100 415 87 447
982 2 50 120
595 3 459 35 450
751 2 304 92
345 5 132 260 478 268 395
238 6 342 385 237 40 141 258
789 4 379 135 277 219
4 3 78 346 94
343 2 477 422
470 4 393 285 416 376
583 3 365 46 155
113 4 146 19 166 488
93 3 353 240 36
82 5 285 123 389 471 59
118 4 329 163 12 123
359 1 468
64 2 111 359
519 4 122 333 5 203
220 6 307 456 377 19 176 378
244 7 310 90 327 466 104 279 331
141 8 410 65 191 291 439 325 365 52
542 4 260 249 273 322
192 3 100 57 205
381 0
98 1 266
349 2 86 428
827 3 241 409 389
747 8 477 2 303 139 498 255 291 404
861 2 307 396
294 6 317 263 470 117 368 56
838 3 429 286 364
416 5 114 241 484 282 350
436 1 221
268 2 309 379
744 2 249 103
278 3 371 448 215
513 4 218 135 443 31
83 4 17 199 95 38
252 6 460 353 356 175 40 116
904 5 50 329 142 292 327
72 2 27 456
958 2 410 19
597 6 301 493 292 214 44 233
934 3 463 11 448
799 2 485 256
544 5 132 381 454 92 13
33 2 248 199
677 3 275 162 113
965 2 147 139
782 3 82 346 474
426 3 319 105 6
483 3 144 31 217
799 5 339 204 454 75 407
36 3 298 198 62
799 4 310 374 208 271
334 3 416 353 356
416 0
645 2 142 114
101 4 460 27 277 274
246 3 212 186 262
789 3 342 199 262
889 3 221 274 492
822 4 452 78 340 222
258 4 167 334 76 408
70 12 309 89 453 340 74 337 202 77 198 165 368 320
680 6 27 212 377 376 305 424
444 7 293 143 264 22 126 251 382
561 5 285 479 147 191 95
13 2 257 296
812 10 362 450 462 52 256 134 272 118 47 112
296 5 82 434 356 475 49
42 3 117 83 79
642 1 171
522 1 289
430 3 31 317 170
875 4 181 310 476 13
732 4 238 93 165 369
687 8 259 236 418 340 327 204 157 275
322 0
899 0
277 5 293 410 359 20 408
