1000
3 1 659
986 5 671 152 840 739 485
816 4 164 504 281 402
690 8 353 539 845 126 382 572 722 63
271 19 321 415 660 458 691 223 570 105 804 658 976 237 268 505 234 370 32 749 288
520 6 778 247 712 917 533 477
447 5 303 501 955 931 789
260 2 600 249
185 13 565 219 458 319 332 299 117 148 204 935 480 17 163
714 5 228 87 854 651 48
678 10 372 149 125 78 3 651 970 575 223 650
832 5 659 152 590 708 75
895 17 827 795 473 518 178 608 521 886 977 594 503 922 289 408 749 428 494
3 16 739 861 439 310 598 652 38 324 862 726 131 398 990 70 782 761
957 21 944 39 36 356 66 176 387 979 846 945 429 183 502 421 427 405 246 713 241 790 871
34 16 778 504 551 560 716 703 261 821 559 409 856 295 679 669 423 867
57 12 418 766 410 951 200 43 804 702 763 213 419 509
157 22 767 356 865 904 58 304 360 596 69 390 68 465 385 437 849 541 507 42 564 503 922 871
723 9 639 185 813 384 196 783 547 69 656
395 8 932 158 336 165 345 719 652 699
196 15 321 715 513 643 287 690 972 45 983 881 805 293 320 258 275
663 14 404 8 934 229 556 131 268 888 909 40 371 483 408 449
92 6 863 600 940 60 848 876
598 9 496 827 693 716 988 842 345 719 20
987 2 416 590
224 2 513 795
642 7 341 142 733 545 874 643 573
541 10 754 528 78 546 306 622 239 621 654 475
296 8 766 247 771 481 962 143 375 192
388 13 149 798 422 858 831 98 719 848 876 610 280 689 48
358 9 852 861 403 11 598 293 437 443 445
896 14 493 78 153 2 638 462 316 198 135 768 213 256 906 432
873 4 687 992 308 452
491 15 249 75 727 196 630 332 652 492 876 824 431 85 981 805 812
485 9 767 827 41 627 759 27 858 336 632
840 2 303 415
990 8 253 87 61 281 874 730 845 212
158 12 350 125 639 602 933 458 26 67 895 20 43 205
384 4 982 513 440 844
957 22 78 232 599 651 917 770 58 96 558 102 265 177 59 231 366 455 179 187 21 14 448 601
416 2 504 500
286 18 388 586 522 931 708 487 837 165 98 846 945 652 80 530 10 64 135 175
479 6 697 552 848 820 748 838
485 6 715 827 586 410 373 933
816 6 795 178 691 196 784 223
847 18 811 436 946 638 533 343 60 224 566 948 498 429 841 117 702 213 556 859
742 19 932 149 444 147 693 842 630 143 547 530 354 653 828 109 478 751 122 585 89
905 12 683 624 708 917 744 384 703 387 950 81 401 198
614 12 811 754 27 934 582 50 872 806 764 260 552 653
823 8 78 822 458 575 26 568 799 926
548 22 879 41 540 402 771 784 866 809 299 658 349 698 514 222 554 246 129 366 937 537 294 908
585 4 55 528 946 7
755 7 501 153 660 439 143 53 862
809 12 78 627 822 160 139 898 559 652 876 267 233 208
547 0
201 15 321 228 840 142 410 979 877 123 958 252 315 959 119 218 645
57 5 565 202 44 900 126
254 10 766 372 202 525 568 791 788 382 452 780
253 7 321 513 308 190 429 254 534
884 5 687 822 857 539 568
777 4 305 189 946 3
761 15 811 844 160 518 622 784 37 891 400 556 856 514 222 246 679
236 6 826 710 381 614 492 117
109 8 153 708 438 274 673 958 903 412
10 8 671 546 291 410 638 157 212 608
382 5 917 771 26 784 223
757 9 715 633 291 377 993 314 340 595 327
515 12 27 531 813 691 481 748 663 763 812 82 254 976
234 14 493 932 955 586 896 410 933 52 992 858 360 407 722 233
720 13 963 281 565 822 96 498 809 608 530 324 298 977 634
617 16 693 620 411 451 828 656 213 320 959 394 479 42 523 797 628 696
305 6 372 739 215 604 90 193
971 8 95 546 8 439 750 866 632 143
823 24 811 798 795 189 565 103 473 308 622 90 566 947 69 407 772 544 29 670 122 406 121 889 906 31
974 8 348 996 2 44 215 27 573 771
228 30 671 142 61 795 926 340 413 123 354 53 207 521 92 412 82 204 427 830 742 642 344 231 628 121 133 443 275 211 266 392
643 19 562 350 55 683 3 7 900 613 195 923 809 97 592 656 775 967 293 116 594
886 2 247 513
762 16 415 90 614 304 327 429 672 592 286 534 823 315 856 419 129 258
2 8 41 66 613 381 735 492 80 820
491 10 174 458 220 365 126 632 200 267 936 49
46 15 369 404 473 458 930 50 598 60 650 195 20 589 654 362 100
941 14 778 174 501 733 402 941 531 972 962 552 209 417 738 362
349 10 194 219 343 24 610 312 515 634 628 156
806 11 95 41 305 308 220 622 999 304 825 699 579
374 22 228 840 25 574 132 892 143 947 316 610 198 592 768 829 352 580 815 443 524 918 210 749
231 2 164 323
155 15 687 292 798 232 343 582 799 96 387 98 38 699 456 960 62
879 17 546 951 482 582 477 923 672 411 424 950 299 92 554 217 262 802 284
364 5 147 844 660 727 842
127 19 228 734 955 169 963 565 708 735 979 552 529 209 346 193 521 706 231 414 921
632 18 675 697 125 869 415 473 942 33 195 477 895 672 111 572 324 431 920 461
270 20 620 643 287 911 482 799 190 346 936 729 326 119 541 745 173 922 939 191 201 964
903 19 415 306 992 518 539 574 196 837 336 570 205 610 609 286 63 981 124 807 118
58 4 321 982 715 827
158 9 675 61 410 874 226 487 646 872 157
363 11 164 174 941 384 710 650 962 788 387 30 609
2 5 226 271 993 477 558
854 20 590 52 730 403 604 11 618 979 846 903 818 812 605 935 398 714 815 127 448 563
693 9 562 504 604 224 750 340 361 6 213
720 21 896 142 8 539 727 999 498 299 451 342 903 653 502 830 890 423 91 829 470 774 179
615 10 247 305 759 858 720 413 425 672 864 529
495 5 164 586 78 373 737
62 11 963 78 353 565 52 519 178 185 925 577 691
876 8 341 701 599 473 462 310 926 572
624 16 418 687 78 291 8 934 744 66 310 791 956 477 24 69 28 286
408 5 418 504 951 440 934
332 14 671 402 651 846 548 936 967 569 124 214 910 628 511 309
761 17 501 528 147 404 160 577 403 308 716 703 764 151 809 920 807 391 119
83 19 174 287 319 96 429 492 508 721 83 576 148 833 912 333 383 975 853 913 887
875 3 482 90 962
20 17 107 261 821 682 920 328 378 556 405 707 836 706 218 250 459 954 593
648 6 880 624 627 189 104 462
406 9 436 404 933 519 858 43 653 357 258
91 18 687 674 132 682 653 983 763 166 571 977 870 231 150 997 871 234 311 379
148 21 659 142 712 185 911 760 566 96 618 652 492 105 809 81 19 920 64 82 326 391 507
87 13 659 321 733 495 178 994 574 26 302 58 892 269 20
536 13 403 343 11 770 304 200 324 401 204 976 606 978 883
546 6 164 27 956 905 465 124
497 7 880 142 8 439 614 417 818
838 16 982 787 652 848 950 208 83 148 927 978 557 537 47 18 939 134
355 15 500 242 902 476 324 656 465 581 718 875 246 273 535 296 915
442 10 778 551 7 44 962 595 895 636 38 316
806 9 811 416 813 302 451 124 119 757 222
784 2 639 153
594 8 436 61 415 565 160 655 498 332
407 15 219 113 780 848 572 431 702 561 171 706 276 915 127 76 755
660 9 733 314 476 979 663 721 145 184 490
182 7 78 733 319 139 942 94 394
527 15 321 639 638 58 648 477 532 123 548 417 198 596 131 129 279
424 15 778 827 789 482 229 148 800 283 544 177 94 394 989 167 642
284 7 418 292 436 731 759 857 107
495 16 350 624 232 708 25 962 868 144 49 841 204 124 807 919 218 344
747 19 142 693 178 575 942 45 892 35 143 610 883 959 246 218 238 334 244 221 245
293 27 253 95 675 305 896 485 730 970 744 993 622 50 750 962 467 393 299 53 592 28 893 412 692 884 676 450 192
334 6 675 247 142 638 845 60
164 24 896 373 308 60 842 962 340 452 157 346 689 903 502 823 326 890 915 134 179 445 235 93 966 486
684 23 540 795 410 356 482 598 387 105 401 207 400 886 171 197 644 769 796 779 18 101 51 383 914
824 9 253 932 247 540 353 522 12 613 336
478 13 518 185 770 673 864 609 97 526 665 141 668 803 705
594 9 496 485 403 864 417 658 884 812 556
770 5 174 955 854 795 291
11 6 169 869 481 260 102 23
291 13 586 627 249 348 402 730 196 770 735 6 81 597 665
129 20 164 323 350 540 500 153 513 996 844 2 567 577 574 481 962 508 920 967 605 166
961 11 633 697 767 963 545 319 574 837 60 413 425
93 3 500 422 415
9 14 811 869 415 951 759 727 139 942 105 529 589 412 762 351
779 0
552 18 493 902 495 185 970 673 632 950 30 298 412 297 109 479 890 88 537 329
159 9 651 691 487 710 559 429 105 200 825
210 3 501 350 540
294 3 321 546 416
802 22 418 590 518 852 308 704 132 224 33 387 111 69 34 758 320 171 732 383 22 259 684 140
355 8 388 951 35 143 23 636 958 4
741 18 321 880 388 739 565 560 356 220 904 791 212 726 29 391 594 214 910 470
957 10 863 869 249 306 219 103 473 495 813 552
45 3 95 940 308
573 23 281 485 567 27 643 655 261 711 892 945 200 451 983 82 326 423 685 700 5 203 162 860 657
870 2 247 36
528 21 731 631 348 930 223 791 945 346 936 893 328 204 850 965 218 335 173 122 294 89 282
704 21 253 440 735 340 711 632 548 28 556 591 391 197 478 273 543 666 307 785 443 186 180
834 19 754 348 691 319 993 102 950 958 64 763 647 362 141 561 206 478 870 564 309
167 2 766 854
252 14 493 149 600 627 546 712 996 759 730 107 113 792 566 806
626 8 555 925 787 608 597 63 233 204
649 14 798 477 375 81 363 208 762 606 698 295 554 62 769 543
397 22 253 675 933 555 892 6 157 846 105 848 561 883 389 279 912 645 231 355 255 227 611 817
67 3 863 840 731
943 7 798 704 136 865 50 439 11
745 14 586 500 639 545 458 220 777 66 467 936 828 427 718 131
568 22 493 78 996 560 170 223 926 842 892 363 28 135 801 935 514 318 313 406 156 370 159 371
770 16 767 683 961 941 703 948 654 69 804 772 166 175 441 278 714 243
523 2 633 932
846 17 194 701 691 911 533 865 791 452 157 839 135 805 213 419 989 59 441
763 8 778 416 996 226 271 604 788 821
17 13 932 372 358 291 404 703 646 711 73 143 805 556 119
451 7 766 795 551 603 933 458 934
650 17 440 730 787 151 65 958 597 207 893 293 68 465 536 543 454 797 127
618 19 152 940 599 52 44 139 711 864 891 807 46 241 406 803 40 899 468 724 285
311 7 501 152 55 358 39 75 525
240 25 410 373 590 348 678 126 595 73 532 719 20 417 654 728 981 688 254 883 397 781 512 191 615 74 553
3 7 189 996 219 994 655 267 728
995 15 87 353 249 777 476 477 680 207 4 800 581 976 106 534 263
533 8 697 496 169 358 249 52 925 287
477 13 55 651 941 508 117 148 328 707 644 679 9 288 277
815 13 440 607 75 11 60 290 839 947 38 83 421 479 986
699 16 651 104 26 570 711 35 401 526 193 605 924 515 471 776 331 907
414 2 410 232
175 12 879 880 562 149 147 271 2 970 525 934 136 792
819 18 827 39 435 126 618 345 979 947 532 299 721 117 270 318 885 524 810 322
889 14 522 202 36 403 643 837 865 165 791 595 72 549 400 1000
457 12 754 436 631 281 306 495 462 948 327 945 105 80
99 1 863
416 4 869 271 925 872
150 5 358 946 961 518 75
731 19 880 675 402 933 716 26 876 818 579 521 692 400 605 536 786 326 515 957 490
814 10 766 946 7 336 824 401 583 626 207 407
605 21 734 697 247 444 896 992 181 90 492 43 824 346 28 390 265 713 335 829 231 88 470
915 6 125 78 373 202 784 316
505 10 350 648 195 825 280 526 63 884 985 713
379 3 633 52 473
344 16 827 348 759 327 895 467 97 155 192 145 581 556 807 218 175 172
855 10 493 955 941 638 804 135 763 905 974 768
840 8 388 754 586 733 940 224 717 267
989 11 418 493 693 2 215 787 654 53 4 456 297
828 10 708 992 582 314 223 165 413 618 532 699
740 8 944 690 570 345 411 652 699 401
909 11 253 687 55 600 826 158 113 646 750 360 451
176 15 305 500 436 819 485 784 570 692 679 59 645 990 640 894 563
557 29 496 189 226 539 777 646 842 892 877 105 983 579 456 475 145 859 670 490 335 344 623 199 929 396 511 339 235 99 808
880 9 951 202 36 574 703 57 821 239 269
975 14 734 778 826 691 704 788 689 198 818 665 556 405 171 124
891 16 41 78 624 930 792 842 20 609 841 828 967 667 352 645 355 640
155 5 627 565 531 970 12
216 19 874 103 674 857 104 165 972 872 6 947 699 9 779 511 133 746 371 527 635
402 8 415 703 711 947 269 123 608 830
985 14 501 754 854 290 618 653 891 886 386 385 177 850 357 276
876 7 715 164 869 620 951 440 759
591 8 863 687 811 955 933 8 622 533
395 18 415 712 771 26 582 831 865 332 120 883 836 713 829 888 56 634 612 685
983 15 228 303 896 422 917 36 638 343 962 332 559 269 254 536 218
613 3 220 487 476
648 4 287 750 842 387
880 26 982 766 624 314 132 90 57 945 825 971 346 583 351 68 859 376 218 255 133 245 127 99 248 210 938 664
27 5 627 931 674 226 789
903 13 194 869 403 858 139 58 783 621 97 521 927 977 505
137 3 734 418 687
276 8 567 577 604 760 267 198 592 270
127 21 152 26 566 413 884 833 859 987 389 507 594 258 497 163 380 396 262 499 138 236 225
469 15 671 247 798 436 701 951 223 566 516 670 62 238 91 214 70
835 3 341 440 941
646 12 95 863 169 202 165 481 6 552 722 270 34 702
558 13 778 540 153 727 904 304 630 866 572 510 849 937 370
69 19 778 811 683 946 402 440 690 575 58 361 6 950 654 818 1000 464 986 753 918
260 26 863 496 683 500 674 904 274 346 69 935 707 29 849 850 237 62 669 441 746 430 99 248 191 998 615 338
899 13 323 784 382 195 111 53 466 959 394 478 130 541 79
888 10 402 126 956 492 876 233 692 124 507 645
77 8 528 577 327 895 143 945 23 699
444 24 476 90 332 947 492 572 680 873 198 740 475 762 718 295 464 114 585 790 309 997 894 338 74 553
973 23 603 348 539 381 839 895 23 529 609 34 692 967 534 222 878 79 509 751 888 366 885 84 156
161 5 982 513 739 3 545
355 14 61 931 458 223 598 780 190 24 204 523 921 337 47 227
20 21 697 292 943 822 737 75 384 481 806 764 126 346 83 718 514 167 957 564 888 355 9
457 10 323 415 631 132 224 98 665 850 296 725
998 17 551 189 306 458 934 792 770 866 839 102 717 105 24 654 816 688 984
919 1 169
137 16 3 844 2 789 223 559 876 65 936 801 109 836 742 56 296 32
65 5 854 602 39 607 271
967 17 754 369 189 103 519 607 377 784 748 267 722 884 856 986 670 258 91
191 29 501 896 369 826 522 946 271 737 727 994 690 165 665 465 421 978 124 391 268 937 355 908 585 915 808 909 191 615 527
915 11 25 132 435 35 717 636 267 72 19 967 974
47 1 715
713 14 305 798 189 3 306 844 425 529 20 401 433 480 534 213
850 20 372 152 943 291 539 287 139 45 999 23 105 316 654 721 726 362 786 584 984 960
824 16 41 353 103 60 650 962 49 549 400 145 833 973 830 391 849 118
916 25 253 444 712 7 36 852 220 904 452 618 721 647 293 295 987 385 273 238 454 16 307 122 380 997 928
837 15 95 41 142 61 373 900 948 361 195 864 123 155 597 502 523
2 16 353 522 440 692 450 729 502 204 769 535 469 637 374 182 664 916
384 6 369 306 996 176 780 345
588 3 624 622 866
236 18 323 546 701 226 852 704 988 532 936 83 606 679 396 790 309 455 499 443
332 14 898 50 760 821 382 820 312 893 579 805 576 891 859 389
836 13 303 528 142 943 546 462 735 595 424 28 34 981 576
616 9 778 798 78 759 190 672 653 656 166
777 18 715 540 712 992 381 268 273 91 776 714 585 396 364 755 803 686 488 901
154 9 795 551 416 306 26 6 157 200 393
814 12 675 932 551 402 45 621 49 135 576 833 437 960
259 10 95 125 943 944 2 27 45 532 848 809
976 9 562 350 900 27 139 533 451 579 658
816 2 562 560
443 18 202 933 690 314 58 49 10 407 54 762 204 378 976 278 910 296 282 472
230 17 444 61 189 404 874 158 730 487 898 760 699 65 412 450 807 919 62
720 7 863 798 869 403 12 770 261
523 13 87 149 348 813 604 956 780 30 905 967 145 297 907
652 16 687 513 232 874 941 8 892 20 973 561 109 318 46 644 814 352
122 18 189 548 54 812 82 297 534 419 885 112 616 455 746 368 210 938 216 853
113 19 388 767 854 281 575 704 930 67 735 195 190 102 424 183 145 850 507 503 797
541 24 879 734 675 961 599 44 737 539 574 703 274 57 411 209 267 663 354 583 862 92 437 129 59 397
362 8 95 712 861 925 384 574 50 552
255 4 174 687 39 961
93 14 943 160 8 857 308 930 750 33 672 656 145 605 273 122
906 6 473 25 451 324 626 581
754 21 228 932 992 737 988 962 595 30 682 596 772 421 197 642 796 227 939 221 455 266 542
678 24 444 287 831 839 895 787 979 652 825 20 81 10 804 85 763 466 885 234 443 803 657 966 743 74
844 9 528 599 36 857 873 286 828 92 83
218 9 228 87 41 693 242 961 160 727 139
816 15 415 940 866 825 971 28 63 884 569 177 344 990 329 337 235
944 12 501 651 97 920 905 480 394 814 952 512 210 408
221 4 147 933 336 956
642 2 778 840
294 6 228 303 683 341 125 358
405 16 95 422 242 771 12 784 806 999 65 390 456 762 351 927 465 772
31 19 41 988 170 831 96 825 663 583 862 135 576 466 293 100 807 118 258 250 238
41 13 87 671 795 369 708 377 861 567 66 720 183 805 984
703 11 12 575 956 102 699 748 69 183 987 514 437
897 15 963 691 12 45 636 342 971 508 653 804 475 92 293 536 544
787 11 125 795 946 560 858 139 302 336 224 652 298
657 12 174 202 560 655 165 650 382 559 532 492 24 342
516 19 880 697 996 638 11 190 721 927 106 109 987 890 785 234 542 681 520 468 447
469 19 982 147 631 440 518 737 215 325 898 476 435 176 717 38 198 729 335 890 746
20 9 303 493 153 226 160 377 170 439 336
194 1 879
174 10 766 501 153 291 988 302 904 735 787 332
669 1 142
618 4 436 631 996 874
892 10 388 560 413 393 530 654 351 571 414 122
828 7 854 147 415 733 104 970 993
879 14 963 125 603 7 11 780 102 864 652 123 409 217 745 282
430 10 659 341 951 996 970 462 858 90 792 45
93 17 754 712 771 716 384 574 50 452 30 312 818 905 466 9 497 747 191
240 10 946 104 994 837 865 598 340 157 809 324
808 16 697 440 570 224 143 529 4 270 456 676 192 957 130 796 669 70
897 7 562 754 500 281 531 837 604
702 15 840 603 933 75 57 632 979 155 502 718 859 856 698 830 109
889 6 358 513 655 65 205 610
320 11 55 551 555 485 403 970 26 799 532 680 958
67 11 323 493 854 528 473 704 720 770 267 54 217
629 4 249 577 710 898
853 14 880 697 896 410 712 271 837 845 467 862 881 692 328 326
61 2 880 87
884 25 513 546 996 458 196 310 57 290 788 498 429 893 647 977 59 423 175 278 255 84 746 542 248 483 953
99 3 659 501 827
70 8 767 869 12 972 570 269 144 207
9 4 675 493 496 963
80 20 194 551 3 590 8 215 690 139 792 105 393 280 401 841 740 293 688 166 859 46
645 5 418 951 898 345 332
128 12 353 933 356 176 618 467 28 286 461 264 145 317
614 13 504 708 519 11 979 846 529 123 4 116 921 714 337
643 26 854 840 620 590 737 813 825 572 395 10 461 534 124 437 515 441 414 227 753 257 138 408 966 182 31 980
632 21 372 819 826 219 992 638 904 650 673 618 393 286 362 119 116 751 441 278 243 915 101
997 11 323 863 416 226 857 703 170 865 261 719 146
121 16 600 495 57 719 424 653 317 489 878 42 912 751 296 512 51 211
770 21 659 811 869 291 940 565 599 384 962 424 267 81 516 489 886 167 128 960 258 797 779
570 17 778 404 402 857 185 462 60 770 30 363 183 738 800 544 856 394 42
946 6 500 551 348 712 703 50
693 13 627 242 727 988 950 609 378 145 141 177 706 594 628
763 20 303 55 546 567 942 290 711 682 229 762 148 875 515 335 406 997 40 832 474 527
610 18 932 305 869 590 735 630 618 269 425 20 198 592 959 127 612 339 211 761
302 9 444 528 147 440 708 992 574 650 780
652 5 675 350 528 731 943
811 4 194 900 261 548
289 4 982 624 712 306
373 13 3 570 735 673 69 804 816 862 148 786 106 554 128
840 6 194 323 671 495 308 132
286 5 858 343 312 682 97
130 20 388 78 440 674 462 136 711 983 293 489 987 118 273 888 355 245 443 370 686 761
643 4 350 169 551 348
609 13 896 513 373 232 158 96 892 30 958 81 974 738 800
453 1 624
168 4 96 956 467 682
951 15 436 422 730 716 892 49 721 702 729 772 320 807 118 594 173
184 4 55 522 739 944
99 13 932 874 178 573 703 582 558 632 947 717 748 596 597
426 19 501 152 147 590 638 531 911 792 267 609 252 516 515 957 478 713 88 585 199
678 7 932 624 440 857 539 113 308
48 12 87 697 500 125 638 771 139 37 65 375 391 814
854 3 95 55 369
385 20 754 565 103 518 784 845 310 566 780 787 689 97 475 805 268 352 537 243 747 188
19 2 369 345
483 7 963 627 739 52 727 343 930
976 10 659 798 61 487 842 950 205 280 502 421
884 10 496 25 107 575 655 327 260 971 81 69
201 17 487 481 956 98 30 401 597 738 768 723 263 256 890 221 445 694 725
769 6 350 377 27 691 858 50
674 15 778 651 136 223 290 648 618 529 38 407 983 978 268 263 352
296 21 388 55 840 731 940 336 589 63 141 986 471 406 18 694 677 408 449 938 835 506 86
95 25 683 341 624 627 590 185 911 575 993 261 340 327 98 467 526 758 386 167 237 490 594 127 928 705 681
566 3 754 639 946
715 20 418 840 528 861 911 574 196 614 327 345 269 864 936 268 890 414 908 309 802 968
947 15 880 504 857 44 485 139 792 481 559 123 450 965 234 741 288
750 1 880
430 4 586 358 103 25
81 17 321 41 348 185 302 613 57 583 920 510 801 535 175 331 330 428 447
10 8 61 902 215 838 155 903 53 10
142 11 292 951 712 158 837 413 748 117 884 891 688
860 5 734 693 422 822 789
90 12 194 174 215 744 792 846 205 135 726 581 433 106
316 21 253 683 422 933 518 703 165 327 838 198 722 816 859 326 94 426 76 681 277 251 486
944 14 715 25 11 33 332 4 166 591 94 742 479 218 829 89
515 10 169 819 551 822 970 325 988 438 343 598
507 4 826 577 223 904
565 19 493 819 739 940 387 190 532 699 120 354 762 786 742 594 255 871 266 998 201
69 7 767 943 546 944 325 704 314
499 13 152 369 900 994 942 770 498 923 354 254 437 984 197
313 12 87 863 292 693 107 185 648 945 111 876 80 973
773 4 733 560 750 962
384 3 715 41 896
271 21 766 551 482 993 170 11 570 750 770 304 839 429 877 864 838 758 544 718 886 541 42
921 8 303 963 147 595 111 654 286 862
904 13 253 496 348 727 567 704 139 274 962 425 386 119 644
911 11 369 340 673 102 572 676 924 515 794 275 235
66 4 228 582 678 947
420 20 811 840 826 599 107 568 865 310 6 809 548 207 721 475 726 768 978 875 723 464
639 8 501 733 519 573 340 143 38 30
844 12 874 7 784 146 28 728 605 544 9 108 790 359
977 12 388 350 504 940 8 598 800 145 516 642 543 557
508 15 247 41 896 410 36 861 900 934 252 293 328 166 318 394 459
91 17 27 274 467 312 233 465 437 742 129 644 459 537 725 918 991 835 765
374 7 879 500 153 291 961 852 126
977 14 323 620 308 26 898 750 672 20 120 155 583 526 28 409
589 2 78 422
757 5 734 292 528 153 410
110 2 194 602
235 12 675 160 458 66 146 547 971 407 54 768 698 830
697 19 253 854 292 565 11 770 846 950 530 508 4 233 394 79 457 890 666 238 781
612 6 712 310 892 345 971 510
875 16 189 701 440 651 622 90 923 466 283 989 457 334 112 368 550 300
648 15 87 496 350 869 416 651 287 771 381 45 962 195 877 24 63
575 4 932 603 733 940
353 5 373 590 39 558 102
608 10 562 869 462 574 613 481 429 105 43 431
680 6 416 560 44 730 260 618
914 24 880 358 422 348 473 66 50 792 190 411 608 936 4 461 183 317 786 427 584 437 479 91 88 937
627 4 671 153 661 281
314 1 153
178 6 436 795 25 525 146 873
113 3 323 87 562
640 13 228 444 261 950 395 621 868 49 893 924 807 919 757
139 18 880 219 458 377 476 972 382 151 875 849 184 77 17 897 918 347 168 225
863 15 522 440 813 575 139 993 45 948 945 559 395 342 862 549 489
586 4 321 444 712 232
93 16 880 372 826 946 631 281 961 356 582 132 673 892 324 976 534 454
694 13 879 444 712 690 487 196 703 613 239 425 20 680 467
395 8 896 369 708 842 764 157 719 411
427 13 226 26 622 151 820 605 116 441 84 843 127 753 641
104 16 153 961 160 36 215 325 744 11 926 648 529 346 508 935 823 561
923 20 95 513 874 993 947 663 144 881 85 328 166 718 318 870 564 922 442 832 860 272
720 3 880 404 424
10 17 164 963 103 12 559 111 936 891 148 328 605 534 606 959 391 278 76
920 11 633 61 202 970 11 111 280 363 54 390 804
829 27 500 693 422 522 944 607 170 760 614 559 146 316 589 431 841 135 510 94 268 745 796 910 488 248 408 322 743
380 13 633 963 852 325 934 66 381 60 58 102 324 48 516
311 21 982 61 777 872 105 530 233 208 183 763 977 706 16 908 781 133 907 741 488 322 449
384 9 164 358 25 44 185 487 170 224 962
773 2 540 513
806 10 87 519 271 45 57 198 10 286 859 878
739 9 675 671 41 639 518 27 690 381 314
685 6 219 519 487 533 11 336
385 4 733 599 473 75
994 19 404 531 704 703 223 821 892 81 54 816 763 688 772 204 569 957 644 796 922
278 20 305 795 36 690 60 340 791 327 492 83 976 543 885 634 296 455 443 617 430 725
495 21 602 348 970 575 139 622 820 676 576 927 883 128 184 389 335 70 497 301 101 782 968
562 1 624
596 20 590 710 274 962 411 209 971 583 135 34 83 884 571 644 478 912 16 122 484 275
877 16 603 857 462 720 942 792 361 345 135 34 885 122 922 301 914 137
946 19 754 961 377 26 343 904 942 336 532 83 805 465 698 507 423 88 585 668 225
310 20 863 500 522 415 226 44 176 260 407 54 658 222 666 313 337 696 524 968 907 138
952 16 55 639 26 750 195 846 409 981 166 414 503 188 248 909 860 288
793 9 291 604 872 304 429 682 828 891 762
271 12 321 778 631 185 573 716 911 224 212 825 81 873
684 5 715 147 674 613 498
310 17 372 546 519 403 618 719 111 155 298 804 579 85 812 989 258 915 22
417 7 104 911 482 381 780 888 150
961 24 323 766 896 840 7 560 75 911 45 269 354 526 207 665 647 427 718 124 464 344 459 352 785 21
727 13 982 55 551 404 139 136 760 945 717 809 828 862 658
969 14 226 857 220 858 582 648 979 280 884 812 935 119 217 890
330 3 500 78 996
638 26 87 778 863 292 189 651 857 158 104 643 994 648 876 30 270 738 148 119 757 130 357 279 509 454 366 776
402 17 152 798 281 660 771 788 652 841 454 173 908 121 774 889 694 741 99
486 11 496 55 522 604 678 340 452 787 552 146 547
413 2 458 113
97 11 253 323 546 52 839 65 610 207 480 706 130
456 9 624 946 219 789 195 37 405 141 419
477 11 701 917 525 911 655 904 340 195 656 549 647
707 10 562 444 314 435 962 97 407 85 775 283
995 14 715 778 767 75 223 274 45 595 719 146 663 120 431 401
861 26 219 287 325 343 170 831 336 821 558 947 43 346 983 893 510 437 757 394 167 457 888 133 855 736 882 420
525 14 734 902 343 672 876 804 204 100 433 17 84 121 156 257
783 22 766 169 522 602 733 52 495 384 988 196 598 673 895 945 699 72 464 479 237 457 867 922
233 21 125 436 369 620 933 716 777 26 821 260 864 492 608 868 654 579 702 974 480 742 167
417 20 189 661 373 902 219 930 806 559 269 868 805 974 581 128 523 397 885 134 14 115
595 5 546 416 590 52 458
384 26 436 822 900 107 988 613 314 837 650 872 212 43 621 120 354 450 315 507 623 414 199 779 227 790 221 810
790 12 863 528 931 590 900 604 336 979 689 54 83 461
130 6 174 44 900 539 858 904
246 11 87 189 348 103 377 993 439 60 962 345 102
421 14 303 493 341 3 784 926 962 806 452 229 264 222 273 389
662 14 697 932 811 149 933 36 2 690 710 799 926 33 466 490
410 11 169 306 139 837 45 872 999 610 85 317 569
546 6 321 169 226 573 993 176
237 4 955 874 215 403
52 19 41 522 727 525 314 962 595 652 608 346 662 688 534 888 929 179 542 474 517
268 13 152 869 306 917 223 340 413 382 342 63 213 557 380
547 5 152 961 226 473 220
971 22 715 683 107 638 643 858 66 604 132 711 636 583 888 17 331 245 235 899 191 446 420 71
735 5 404 473 25 462 343
475 16 586 125 943 933 777 6 783 354 92 919 437 753 368 248 918 637
458 13 305 142 869 857 858 568 972 260 895 526 862 166 141
962 15 493 599 7 904 948 98 572 680 608 475 68 833 978 129 870
169 29 982 633 754 819 603 440 58 304 260 632 151 23 451 64 850 46 222 890 666 921 922 241 227 234 370 430 442 538 399
206 7 501 149 350 540 274 146 123
129 2 418 854
736 22 388 169 348 215 799 598 947 719 375 722 881 556 535 890 282 782 187 364 434 251 587 834
546 3 778 701 555
970 2 292 683
151 16 766 149 55 730 223 799 872 821 592 763 254 29 184 796 564 112
384 6 874 857 403 760 872 846
429 14 55 476 872 212 239 654 63 135 702 726 833 114 88 855
670 2 321 627
380 1 350
550 10 827 798 402 708 452 956 862 656 135 328
50 15 518 789 646 598 58 552 19 881 465 204 516 973 177 849 797
910 2 963 819
587 7 551 25 690 299 967 511 187
650 16 659 504 485 771 102 547 762 130 263 897 364 746 889 899 216 472
172 15 202 7 302 316 958 312 53 597 579 728 981 326 757 118 507
408 11 715 501 546 249 2 50 999 35 923 508 983
109 10 734 778 754 422 852 327 699 758 217 463
939 13 321 228 372 565 852 710 582 972 481 872 340 456 775
27 22 767 292 620 160 302 314 529 111 424 838 120 312 973 171 79 218 509 88 122 112 426 234
58 17 149 247 147 795 620 911 387 200 324 510 569 386 642 478 278 122 133
261 4 863 819 147 693
402 11 253 152 789 287 744 476 770 33 267 976 987
330 15 372 712 518 577 308 784 760 791 821 327 286 85 480 713 77
139 8 95 880 513 3 429 467 312 762
603 24 321 174 373 220 911 655 533 652 267 530 721 812 762 688 606 109 184 888 366 937 779 32 966 835
627 4 306 651 44 900
50 1 982
516 19 600 739 940 104 492 342 280 723 118 243 779 649 907 453 953 180 938 619 506
762 7 715 348 993 613 598 92 252
723 4 880 341 436 348
248 22 169 540 125 624 693 242 712 941 813 325 934 622 559 81 465 800 723 679 457 667 751 564
379 20 586 78 624 869 416 369 813 132 451 198 740 884 148 326 836 218 645 70 641 211
217 3 493 739 690
353 7 955 41 500 961 744 381 783
711 16 142 513 519 308 621 873 233 145 119 150 908 470 580 210 191 259
420 3 194 982 305
764 7 627 189 996 737 356 632 923
232 10 528 158 170 435 67 866 143 65 299 451
491 6 152 350 402 8 525 858
256 8 253 819 795 348 852 791 425 492
994 7 715 341 798 61 302 568 582
544 17 687 754 189 944 822 271 308 744 865 274 788 630 652 401 692 584 924
140 11 95 880 501 149 704 66 438 50 630 29 464
316 6 627 402 178 336 224 312
316 12 879 415 712 417 144 903 34 141 514 128 885 484
10 24 369 132 842 342 740 658 82 977 237 79 829 937 278 910 296 469 815 968 686 953 434 379 230 338
86 6 955 422 440 933 178 771
446 3 164 798 436
769 12 941 384 720 570 190 717 656 981 886 883 807 957
883 16 863 827 327 864 824 621 805 94 268 666 523 459 296 396 133 773
943 12 739 560 575 23 123 893 569 405 878 175 238 952
937 8 125 8 529 783 950 431 83 698
384 3 373 759 789
197 6 501 152 854 410 931 565
765 6 633 869 940 413 492 111
304 7 147 933 139 452 80 950 824
311 10 55 661 410 39 325 548 80 689 722 729
114 24 418 602 603 271 178 319 568 11 6 610 838 626 82 1000 421 326 124 391 84 512 76 445 901 434
170 4 659 675 739 940
792 6 341 61 727 568 336 717
964 24 303 149 306 473 438 570 290 387 123 610 461 450 581 973 503 337 790 649 686 773 810 913 110 367
53 15 827 242 287 181 872 945 552 429 409 800 985 833 315 886 222
692 2 827 8
306 8 353 325 568 529 699 24 342 758
233 15 671 341 651 831 477 98 146 699 400 317 768 464 206 94 255
7 10 826 701 158 577 858 343 165 361 787 429
270 5 444 26 60 783 636
215 2 3 75
721 14 811 103 487 650 33 239 123 207 83 264 450 856 924 464
132 2 388 754
659 15 303 811 533 170 96 791 610 682 97 4 804 510 987 130 88
324 16 194 372 798 539 567 73 825 431 873 862 326 571 124 222 669 214
982 5 149 422 3 620 160
566 4 926 57 735 290
573 2 545 219
45 12 734 418 715 798 61 602 545 822 577 325 574 646
517 16 350 358 226 66 735 846 717 699 43 868 971 475 728 967 978 206
454 8 303 353 522 599 113 970 678 413
271 12 323 673 332 73 65 30 312 768 833 978 320 836
230 7 633 377 789 107 58 96 395
794 6 931 712 402 607 861 181
537 7 687 754 55 896 759 852 831
502 6 253 504 759 934 704 438
452 16 174 482 831 570 566 788 190 269 429 820 903 665 893 728 68 662
69 1 164
949 16 174 551 603 620 716 703 582 825 206 706 779 746 832 834 71 491
269 13 982 87 319 821 673 345 532 848 120 324 583 828 728
268 14 540 627 39 646 548 267 663 763 905 738 254 166 984 954
207 15 253 863 600 819 737 934 744 704 165 435 750 498 34 728 400
843 9 661 402 545 607 7 861 691 381 972
238 11 565 458 220 165 290 529 20 451 682 97 983
3 8 545 704 820 209 983 804 556 320
500 11 152 963 639 153 650 417 280 828 884 279 243
562 4 418 164 600 78
658 15 153 599 458 970 648 541 796 59 937 470 234 894 138 347 695
343 15 944 7 308 287 126 711 35 721 692 647 688 378 337 455 705
19 8 546 158 730 438 865 102 699 547
185 3 444 142 249
39 15 896 125 730 566 58 595 492 809 689 596 400 82 254 479 246
81 8 545 598 176 190 626 722 456 656
838 19 840 78 819 61 178 934 476 598 209 28 976 273 423 454 557 585 331 580 108
364 14 147 153 993 784 96 999 425 820 838 828 738 762 256 344
625 7 739 281 951 988 703 11 481
446 8 795 404 620 646 614 559 699 270
715 13 418 562 819 422 602 271 113 764 923 838 451 721 521
507 3 880 125 996
408 6 501 3 941 271 377 2
753 1 627
964 15 574 613 67 316 49 893 85 355 714 243 359 179 162 657 13
708 4 639 620 373 219
32 4 715 164 687 202
240 10 840 422 733 3 708 703 476 604 678 33
1 11 577 970 570 678 719 200 34 148 502 605 213
515 12 522 708 567 993 438 845 35 923 102 597 283 427
800 6 501 55 415 495 356 730
544 15 504 739 545 44 75 771 452 956 143 947 945 868 530 346 198
655 7 242 574 558 824 621 654 431
215 13 697 444 404 933 660 852 113 582 648 492 80 417 971
973 17 247 153 373 857 925 80 653 286 828 768 109 776 334 802 696 629 40
134 17 353 158 196 703 529 48 401 927 124 263 366 954 337 127 746 339 907
439 4 708 178 181 11
348 5 164 555 340 452 35
196 10 826 539 146 958 54 706 669 705 448 998
745 15 321 493 683 353 943 577 898 378 544 883 490 851 776 897 15
348 15 767 147 551 701 941 690 837 972 49 508 592 351 423 161 99
736 6 951 690 720 11 646 190
595 20 522 36 900 730 558 846 652 409 665 816 959 986 751 746 629 159 969 468 168 887
267 4 693 590 599 708
227 5 473 518 481 636 663
904 7 671 372 896 651 178 531 66
83 13 504 693 487 96 652 324 144 665 883 807 463 258 669
944 2 164 55
253 16 422 946 8 898 962 239 429 425 719 431 68 46 258 867 499 741
334 16 671 739 712 103 271 566 126 632 212 547 299 663 298 841 653 804
686 5 87 675 372 410 631
143 19 854 249 852 730 567 643 462 195 618 429 609 608 54 893 886 989 258 331 121
594 28 253 879 87 863 854 78 281 7 857 12 784 132 787 73 572 748 4 264 805 561 326 960 42 640 954 121 21 14
707 8 61 822 638 287 622 837 892 73
581 4 174 404 306 651
599 7 982 164 533 735 290 387 923
89 2 811 586
354 13 659 373 519 531 792 363 656 265 890 441 56 294 628
847 14 418 603 575 777 67 212 393 721 197 256 334 187 855 266
812 9 690 720 566 190 345 143 877 547 209
538 21 388 946 660 226 567 170 582 310 67 956 665 208 466 184 796 557 396 245 889 705 93
980 6 675 840 75 104 691 575
95 5 194 955 436 826 701
272 24 551 410 590 577 622 956 6 947 23 492 610 663 873 54 581 973 561 807 919 389 459 56 241 296
592 21 639 819 869 7 302 413 956 652 893 270 881 265 130 62 79 594 666 423 537 199 790
721 14 169 444 739 996 857 308 858 439 239 654 233 145 166 131
84 3 896 3 555
982 16 854 350 341 358 369 733 822 425 401 363 229 676 763 427 849 218
460 15 767 372 353 603 555 7 643 66 948 923 552 662 391 16 313
797 8 418 202 852 539 574 570 67 33
239 11 932 854 125 639 933 759 900 26 788 424 688
533 3 586 242 290
91 21 55 415 281 822 26 196 770 532 80 663 280 351 605 536 642 62 116 214 732 588 445
617 2 485 438
877 5 95 323 600 661 917
191 6 422 545 737 813 387 719
426 13 754 565 232 737 12 858 482 646 618 979 65 120 85
574 5 321 602 646 572 596
728 6 633 627 560 487 988 50
803 9 189 620 348 215 777 165 621 354 726
945 22 513 415 944 473 482 190 298 233 378 924 128 986 463 231 241 227 76 901 832 374 991 13
392 10 415 661 271 917 784 212 824 663 597 579
2 7 253 879 95 194 228 303 496
982 4 422 902 545 226
142 3 174 125 660
808 11 661 822 104 771 26 438 533 170 365 787 316
373 8 61 281 925 720 650 809 65 312
519 24 562 44 842 595 195 477 672 621 893 976 433 786 489 507 344 88 56 337 188 445 442 277 259 995
850 10 493 562 819 759 575 462 26 274 429 864
541 14 504 869 661 961 36 737 806 838 726 823 213 856 986 623
456 22 341 249 902 992 744 926 648 947 820 393 804 252 801 772 317 405 924 989 796 423 454 990
677 15 546 348 356 50 316 508 461 264 283 335 890 423 91 150 214
226 12 462 482 799 760 780 945 346 49 229 320 131 114
478 15 671 932 940 925 196 865 481 999 345 48 728 177 745 276 256
329 0
506 8 826 844 75 638 678 413 98 652
423 7 253 840 620 941 992 567 361
255 4 372 639 153 739
62 3 418 767 955
908 6 586 731 712 26 102 123
838 20 731 61 384 336 361 477 345 105 205 838 48 856 642 389 76 445 918 906 625 969
864 5 215 178 287 96 630
11 22 493 350 600 931 539 365 784 760 477 529 111 64 264 976 265 315 405 376 386 246 335 890
474 12 232 708 178 744 704 487 33 157 111 876 572 342
833 15 2 994 223 50 452 722 740 521 450 606 352 797 469 21 32
296 16 659 303 778 493 590 638 403 220 764 876 20 205 81 144 298 920
314 3 671 754 500
299 17 687 436 189 348 622 33 717 81 983 490 564 732 928 906 494 834 709
731 20 164 633 415 852 485 181 704 314 327 866 652 529 424 740 891 502 385 855 542 773
445 13 350 555 224 962 10 135 763 349 101 51 736 899 371
467 0
779 7 671 951 165 868 983 722 378
556 9 896 651 52 813 384 340 304 956 354
89 6 854 41 739 940 727 531
193 10 767 840 415 902 844 52 356 215 994 744
417 15 39 52 777 365 806 780 239 559 123 280 208 726 349 466 362
628 3 880 152 305
618 18 196 365 956 618 721 85 702 775 328 973 561 670 769 227 499 761 736 611
299 22 697 149 961 178 568 176 718 856 883 464 206 796 921 214 885 426 383 374 743 752 154 578
291 25 943 373 232 440 343 613 845 123 783 699 873 983 816 92 726 549 437 128 184 276 423 564 634 89 359
528 2 444 504
381 13 697 733 708 377 485 531 972 711 34 676 738 29 437
911 11 41 350 305 153 661 933 458 574 66 361 719
356 23 687 189 931 651 66 956 190 610 608 324 48 804 656 738 1000 561 109 77 273 796 810 191 832
986 4 253 373 902 996
847 5 739 75 120 183 905
578 1 319
587 6 228 493 620 196 343 845
886 15 152 3 876 838 81 592 298 856 723 591 478 557 234 333 736
952 17 444 624 661 737 567 570 413 947 269 417 665 729 421 129 670 77 851
357 9 798 147 822 343 365 387 581 385 94
917 6 164 778 963 416 410 941
700 21 323 247 902 708 113 287 438 476 999 37 146 824 596 241 179 333 448 32 724 913 578
743 7 341 819 795 416 518 900 925
120 6 501 767 52 993 35 195
765 4 501 826 555 160
513 9 107 604 942 735 764 947 680 128 471
148 9 189 58 143 209 608 10 983 233 850
261 2 323 675
117 6 164 8 308 911 655 533
130 12 766 341 3 599 904 604 926 57 35 632 559 877
64 12 404 26 274 45 895 205 610 30 233 698 707 419
739 6 164 602 620 348 304 123
25 4 674 226 573 988
169 12 418 712 458 139 438 999 787 672 783 950 838 903
362 10 27 837 261 788 866 717 492 699 950 816
546 11 372 731 353 555 857 948 791 393 689 229 197
608 15 341 661 44 26 845 73 548 53 851 912 173 910 133 802 649
995 12 440 132 842 20 166 479 397 645 441 101 51 677
708 12 879 321 228 766 78 61 12 904 570 146 868 758
421 7 152 125 639 627 416 900 813
770 12 982 562 372 356 107 261 892 105 80 868 49 4
113 15 687 963 125 416 944 27 113 821 452 956 332 280 592 828 758
899 5 164 504 404 242 712
968 5 350 358 147 869 693
181 9 336 35 548 820 324 653 556 454 847
39 2 811 153
9 2 164 697
602 5 303 932 955 845 45
767 15 826 613 604 340 923 30 812 973 830 167 851 21 442 700 172
966 6 436 473 560 730 727 178
783 13 767 147 415 249 744 993 839 269 876 636 38 252 758
797 2 701 951
62 14 152 955 754 358 826 599 7 75 691 934 568 592 579 521
603 26 358 473 857 710 904 750 566 711 719 783 299 144 198 10 841 549 576 421 814 666 199 134 815 753 810 32
682 11 501 931 402 567 260 621 967 718 987 514 541
535 18 41 551 777 704 90 190 98 38 205 145 464 478 885 9 445 371 115 230
538 4 731 703 365 582
634 11 61 575 703 224 999 477 876 804 270 891 667
984 22 194 323 739 708 160 994 198 10 456 521 726 801 833 556 171 222 335 366 470 588 617 894
636 17 174 169 896 281 25 319 582 866 193 252 421 886 776 313 296 301 370
253 8 194 639 373 158 439 336 111 824
568 24 169 546 852 75 570 33 35 80 299 689 682 69 665 981 584 886 479 990 366 611 563 300 966 449
55 9 819 731 869 844 911 139 170 566 58
164 13 624 603 185 50 98 532 983 974 204 833 167 594 214
693 25 863 600 712 674 861 704 146 680 286 688 561 29 46 268 114 214 17 18 741 700 625 22 817 834 86
495 17 879 174 730 925 813 652 53 702 905 466 206 91 114 990 227 89 266
640 1 303
997 21 933 158 384 11 132 711 630 200 572 346 689 407 576 718 118 59 666 414 593 396 14
531 24 798 631 404 813 319 799 760 566 290 361 205 72 688 378 177 94 515 634 746 448 31 619 664 538
711 10 778 247 158 452 144 19 740 544 386 318
159 12 586 627 620 727 27 760 979 652 492 825 450 192
414 1 631
83 8 444 731 943 933 7 727 568 381
832 16 734 639 113 622 224 806 212 748 726 326 171 912 714 761 909 453
547 12 303 715 493 948 126 780 157 609 983 658 283 254
399 9 496 358 631 565 402 607 930 425 72
222 7 659 496 528 495 574 837 96
1 20 232 44 777 622 438 568 73 24 547 393 958 592 54 148 141 273 227 705 288 966
409 3 811 152 55
413 1 194
466 12 321 946 402 158 911 224 126 618 583 653 579 833
799 12 734 306 476 498 717 609 508 286 386 919 357 398
232 7 493 674 992 220 622 582 336
874 7 687 600 281 951 44 325 716
665 11 840 416 590 737 381 760 143 429 209 936 581
791 16 701 607 25 107 27 650 143 417 873 286 317 888 782 443 542 914
212 14 436 661 365 680 824 393 841 63 985 437 167 471 922 696
704 8 194 586 518 852 559 20 530 298
744 14 955 249 992 485 784 361 267 707 46 268 594 463 355 334
289 11 95 982 142 961 356 994 716 384 66 622 930
301 6 734 671 811 827 854 149
298 18 599 402 473 525 650 382 775 935 561 118 554 669 423 114 634 112 781 668
923 12 253 869 631 519 759 555 27 381 926 90 58 614
619 17 372 683 281 573 37 492 876 589 30 81 521 129 543 781 156 301 469
870 16 624 416 858 904 799 57 945 424 144 973 878 355 108 785 51 725
719 9 253 87 946 348 12 35 98 548 24
286 3 493 795 403
199 21 440 716 482 170 872 382 689 390 927 688 768 544 978 437 912 70 296 163 396 426 15
95 11 931 951 39 844 577 948 413 64 647 427 606
900 7 671 247 249 319 703 582 290
347 3 522 711 304
874 5 863 350 555 518 852
302 16 41 341 994 792 895 583 597 974 148 569 856 394 742 246 108 997
285 12 734 854 55 651 215 691 287 994 476 904 788 866
368 4 955 410 933 948
920 21 372 152 500 546 961 852 831 720 792 650 983 905 571 177 318 334 794 815 732 488 998
879 16 731 795 546 525 132 650 67 735 35 200 825 547 707 634 922 512
349 3 880 341 358
486 8 955 518 864 324 647 29 273 829
372 19 766 291 565 730 567 66 930 304 618 360 609 63 830 723 807 177 218 776 929
366 1 493
517 5 659 940 52 36 988
861 13 880 739 902 178 577 771 170 340 452 451 722 967 688
287 11 545 52 473 178 181 934 375 324 508 676 148
407 13 944 495 861 900 930 200 63 605 70 262 455 188 755
283 26 754 639 415 242 39 771 831 806 609 451 608 971 903 475 884 726 977 554 129 463 150 714 922 179 21 191
968 10 174 410 103 917 36 310 195 547 324 64
426 10 811 247 620 961 866 239 111 589 647 293
878 12 321 228 87 811 341 61 107 27 744 930 11 764
281 20 493 766 61 249 381 327 157 143 717 111 316 81 722 521 412 461 688 973 919 706
735 18 164 620 712 495 220 487 139 96 260 229 409 702 534 405 984 850 335 18
635 7 687 152 586 540 369 223 429
558 19 41 551 36 104 568 841 475 450 584 62 507 70 802 649 755 161 333 210 969
426 0
730 13 305 373 402 8 737 813 525 11 481 872 260 801 502
342 1 149
249 15 253 767 202 458 45 558 652 680 63 662 772 265 534 670 912
583 23 142 661 857 716 429 547 28 579 456 891 775 148 465 581 569 977 276 255 331 843 649 364 524
217 10 149 305 771 673 239 721 653 135 702 676
2 23 501 943 513 631 961 708 8 327 6 212 342 597 658 981 366 929 843 753 736 637 835 949 756
562 14 194 323 675 291 302 382 195 332 846 838 324 229 597 983
580 3 353 522 701
256 10 675 482 799 650 999 477 190 239 609 299
77 13 305 551 933 52 158 66 930 613 926 999 648 304 361
373 4 321 372 519 7
191 8 369 132 971 270 192 378 973 875
569 11 303 869 61 39 545 52 560 287 181 589 958
937 13 496 683 522 691 308 384 139 196 438 132 176 673 102
609 0
969 2 633 955
37 11 292 826 660 992 44 900 730 429 824 267 120
560 10 955 733 348 858 411 20 28 893 688 623
385 13 811 504 410 439 646 760 806 298 762 265 606 385 391
627 8 708 7 857 113 934 482 720 310
280 24 519 607 560 925 482 33 648 895 417 609 653 740 728 823 856 77 888 47 406 612 847 810 460 446
24 9 560 531 760 936 812 400 433 786 883
116 25 41 292 404 3 917 857 113 533 582 435 848 324 117 252 502 433 419 237 88 803 191 32 964 913 553
502 20 639 620 590 555 26 365 950 656 812 465 507 557 640 954 406 668 89 855 240 995
264 16 152 565 473 708 789 857 845 972 956 632 407 884 702 729 204 976
13 7 659 369 271 789 104 132 274
540 7 778 226 75 704 923 38 609
586 12 323 540 674 220 487 792 650 948 711 6 98 979
658 1 305
239 6 388 600 858 384 382 429
589 12 303 982 863 500 840 353 369 730 66 196 614 648
365 21 303 87 350 701 789 710 314 764 35 233 549 807 119 742 642 130 344 122 634 331 179
428 1 495
788 4 693 934 170 90
739 9 811 988 196 865 452 947 945 425 111
320 19 869 458 678 791 596 927 297 935 171 464 490 273 175 313 484 47 746 847 392
793 7 55 436 410 857 302 750 38
507 8 733 271 181 26 346 653 804 268
407 17 963 661 170 336 38 205 390 351 283 516 213 978 385 391 318 989 128
707 12 291 701 651 857 316 401 117 475 391 507 258 250
121 6 194 418 941 519 857 727
632 13 350 674 770 699 395 81 431 68 465 464 814 91 235
712 1 501
76 21 291 103 519 560 622 50 267 608 971 155 812 427 698 464 623 16 88 580 133 282 685
321 11 341 473 2 730 567 703 424 183 905 698 723
27 8 827 142 348 961 158 861 567 403
832 5 271 325 181 26 482
124 12 149 896 513 410 185 220 632 877 804 658 534 886
786 17 827 306 75 821 923 841 740 702 775 544 642 478 56 628 455 443 649
138 5 778 369 373 178 970
898 12 501 819 103 992 577 66 872 548 299 431 521 510
443 1 418
652 8 767 822 708 992 44 691 287 492
567 6 95 160 993 703 223 435
929 7 41 500 153 904 760 788 37
553 17 164 562 501 869 139 760 956 151 425 825 589 721 981 561 890 990 441
154 18 149 586 540 896 232 607 771 911 574 438 176 595 260 719 299 451 53 363
103 3 372 955 602
172 12 734 880 55 708 271 411 825 123 589 318 594 796
482 13 638 988 770 157 30 342 144 145 385 757 237 396 785
44 8 659 164 932 513 8 737 220 435
883 9 646 290 260 151 467 120 431 298 19
127 4 955 169 840 869
962 17 253 879 493 174 869 861 67 552 375 654 198 92 466 82 875 959 849
825 7 164 292 353 972 770 791 387
125 13 827 624 693 708 567 104 181 462 898 476 942 102 123
974 15 827 482 365 904 788 821 452 425 748 521 293 391 119 960 543
56 5 659 778 174 372 827
128 0
448 8 992 485 387 559 868 526 4 64
102 28 169 540 153 560 104 710 365 926 96 73 269 529 824 689 818 763 328 283 237 218 256 344 463 901 483 966 527 619
962 8 271 583 521 935 561 376 571 514
535 13 358 941 381 96 195 157 190 809 20 375 252 549 763
179 13 674 858 678 290 614 205 475 763 762 465 989 218 344
261 13 501 422 739 310 435 80 820 417 354 772 204 419 124
923 16 963 226 377 900 327 452 608 772 516 679 263 454 937 885 542 446
467 13 931 703 533 831 604 155 707 883 723 318 397 231 908
205 15 500 631 52 992 777 395 375 893 981 378 320 231 329 284 793
671 18 403 622 302 45 558 530 97 804 510 688 297 421 606 707 376 959 666 667
223 8 940 7 319 439 735 195 264 297
35 12 715 551 701 944 232 473 519 607 925 703 195 839
226 13 228 125 624 310 806 788 780 73 508 28 656 881 264
510 22 194 369 661 931 519 12 934 574 476 842 239 559 740 893 208 728 433 386 222 380 685 339
105 8 766 422 160 75 643 176 151 552
903 0
191 18 418 896 402 458 813 566 595 618 783 312 193 856 706 463 645 921 199 871
928 5 41 436 620 178 704
538 11 767 292 624 852 6 947 205 466 960 235 383
625 9 734 766 896 639 348 103 473 107 185
508 16 271 930 806 332 425 719 805 762 856 116 423 649 289 383 159 998
651 8 321 415 661 620 674 52 518 36
368 10 633 766 767 798 643 792 239 719 508 286
29 4 586 963 165 481
480 15 164 737 104 462 598 274 962 261 190 229 407 233 967 974 204
96 24 341 902 822 607 44 988 336 598 842 663 682 4 981 502 786 385 237 490 331 156 244 906 637 311
649 17 932 152 631 902 319 481 143 680 958 881 584 569 479 815 187 289 40
939 17 778 540 189 107 618 390 647 905 960 644 523 952 307 484 497 406 794
234 14 943 215 308 170 866 945 239 342 390 64 884 561 352 40
643 16 125 78 358 565 271 857 26 993 610 702 68 250 114 70 9 922
39 7 493 41 896 546 565 574 170
171 13 323 539 287 26 60 413 787 267 53 676 891 924 535
210 26 586 78 560 622 930 223 646 895 73 342 936 28 665 362 427 823 886 326 119 713 585 871 282 262 619 578
586 14 863 874 27 552 820 24 466 581 141 29 915 21 907 311
793 20 687 305 573 970 690 598 972 792 413 748 868 254 433 584 561 131 128 175 114 173
838 21 353 158 575 704 898 136 111 417 510 68 800 723 394 679 255 47 808 563 914 449 853
513 4 687 404 590 638
615 14 854 567 287 948 43 608 324 97 922 915 301 871 211 686
345 18 955 712 12 575 384 26 310 872 143 828 412 985 836 591 977 850 742 237
923 7 415 646 33 19 740 893 510
963 23 963 513 551 565 917 852 158 107 845 570 33 35 652 200 401 19 836 94 642 116 594 463 255
898 19 232 306 933 220 690 710 381 38 316 868 530 409 92 46 197 679 397 307 929
7 12 734 778 152 249 482 568 90 435 842 791 595 895
690 16 164 633 415 410 242 356 104 842 102 572 209 120 726 973 295 987
25 2 3 319
196 3 767 931 622
441 10 778 41 440 651 8 613 195 299 828 135
353 13 675 500 704 60 877 502 571 989 885 380 469 309 741
924 18 963 708 519 158 799 336 435 224 864 80 144 592 841 576 489 250 329 585
686 6 880 410 739 577 799 942
761 2 603 242
110 3 687 767 305
383 6 87 422 415 402 992 2
685 7 854 963 961 599 874 319 777
680 14 661 620 306 567 181 57 176 195 143 451 818 4 581 213
199 9 323 496 350 951 476 872 895 332 431
26 19 281 874 7 573 181 384 11 972 361 825 680 395 83 252 927 591 960 122 241
575 26 87 778 247 350 78 147 3 232 837 176 787 38 748 19 763 713 851 796 238 307 867 802 928 637 374 338
191 18 687 600 822 462 930 439 327 825 508 54 109 385 989 463 952 484 782 455
707 0
346 3 715 633 473
538 8 444 712 555 495 215 925 287 224
772 3 778 358 551
976 2 95 940
80 5 202 439 598 821 105
565 2 528 819
48 7 373 993 582 381 845 327 780
743 5 633 36 831 439 770
172 20 152 627 440 66 895 979 947 719 689 583 475 985 984 46 16 47 396 939 282 705
227 7 674 223 926 413 632 945 950
169 4 811 943 602 951
988 10 778 249 160 170 604 656 29 679 890 307
201 20 683 404 36 970 170 650 999 876 950 316 54 213 836 237 129 77 921 187 445 938
101 26 501 444 292 701 404 674 555 75 60 45 126 361 780 809 81 654 682 286 658 461 884 728 349 199 616 396
574 1 341
760 4 944 791 477 212
512 13 840 473 25 403 365 930 102 393 554 986 471 218 457
828 14 896 795 202 107 837 336 570 711 548 820 375 936 72 401
17 7 766 754 963 181 895 143 297
61 6 153 559 375 456 967 544
416 7 880 766 943 565 933 708 160
777 3 373 999 673
65 2 811 61
795 17 560 613 972 33 999 429 229 729 79 238 313 70 505 843 379 587 468
484 9 444 795 8 482 481 707 987 965 666
393 16 142 603 789 691 170 673 342 663 936 433 217 890 908 84 470 975
321 12 811 52 220 988 926 304 452 151 212 342 721 905
537 14 618 866 632 298 412 738 273 851 344 56 430 889 629 761
966 16 436 590 716 98 841 862 461 763 400 534 497 747 448 793 700 953
766 5 169 444 358 795 716
625 8 546 603 560 462 196 865 324 401
806 5 513 638 744 760 735
420 12 932 402 822 495 377 196 559 652 772 976 265 124
353 16 715 61 795 661 660 136 476 310 598 678 33 791 572 526 83 688
400 21 66 898 498 923 572 417 53 286 83 68 584 571 757 479 263 116 161 601 13 587 494
688 11 388 565 917 622 865 413 346 841 688 489 315
270 16 291 961 44 66 35 345 877 971 10 983 286 662 688 924 109 184
276 18 683 291 415 26 224 750 195 332 151 876 950 24 205 209 1000 106 386 875
223 6 586 567 185 622 646 98
502 16 164 358 306 911 993 589 656 758 924 921 359 210 964 587 182 913
396 10 189 992 287 220 73 672 431 363 298 804
188 3 493 174 247
652 5 247 305 249 933 54
741 10 562 495 44 716 462 942 828 775 328 118
615 9 603 759 170 381 936 592 726 450 891
145 17 416 415 690 930 999 595 820 81 654 363 64 135 692 433 859 29 965
354 9 687 731 25 178 643 481 632 411 1000
19 5 932 39 599 934 314
441 12 708 462 566 595 477 559 848 267 346 728 419 723
781 15 253 827 147 369 415 852 319 492 64 510 692 29 279 796 910
345 18 169 540 941 458 716 858 831 678 19 166 544 973 118 62 396 469 442 172
374 4 500 61 826 232
894 8 754 540 436 513 944 813 577 716
184 3 388 487 993
615 20 586 546 522 940 822 485 302 336 614 595 945 492 205 729 576 145 978 490 815 709
665 3 522 961 822
102 20 444 730 638 898 865 132 387 673 260 947 719 699 4 412 376 543 564 937 593 815
671 14 840 113 525 934 332 424 665 129 471 915 101 542 918 615
239 7 147 900 107 771 224 382 6
712 15 562 671 551 739 603 599 568 261 195 345 10 738 985 265 935
