1000
5 2 162 790
624 32 349 529 287 626 875 58 624 396 253 880 690 627 383 190 882 33 235 343 314 625 741 450 524 467 651 693 219 382 393 445 50 464
595 11 648 419 939 253 891 907 989 964 506 105 343
52 7 568 776 153 482 146 952 607
808 24 198 865 963 875 234 811 939 523 836 26 860 476 982 92 678 736 876 634 842 232 459 400 970 816
102 5 934 76 130 582 901
714 4 807 584 7 890
679 20 234 282 14 332 700 215 323 713 698 615 676 981 391 515 932 13 601 552 560 264
16 8 892 76 387 949 890 100 905 111
922 25 397 868 455 234 486 893 951 298 614 978 745 470 686 884 473 933 718 954 588 269 520 681 36 366 547
401 20 231 973 302 663 868 292 419 408 990 595 118 880 576 614 780 735 676 297 232 909
941 31 378 317 443 582 518 211 310 69 7 84 289 376 452 771 733 561 812 309 106 297 447 739 592 588 368 806 367 631 762 760 541
429 14 837 419 632 243 731 135 771 380 555 788 769 322 650 232
61 9 231 667 317 827 939 99 289 833 320
118 5 743 657 901 890 126
897 18 807 871 349 292 641 697 6 632 836 320 843 49 83 895 576 280 810 676
956 24 844 801 938 562 881 859 402 163 683 33 549 513 516 281 217 848 131 8 315 266 491 573 564 787
797 27 807 837 863 893 196 14 311 63 550 124 614 575 173 543 236 625 524 117 633 927 295 136 406 272 28 796 237
375 9 162 837 68 317 52 466 529 287 599
502 19 209 204 263 200 332 452 607 135 797 133 677 840 223 362 535 461 735 642 189
255 4 807 47 263 159
292 14 378 938 901 407 992 939 905 563 611 239 771 849 660 850
482 16 551 505 122 167 149 486 500 711 63 446 550 43 134 996 20 534
856 13 397 130 915 938 419 128 528 610 60 311 951 267 345
142 6 387 397 403 801 915 72
919 9 807 94 641 287 128 69 360 253 664
124 23 204 878 647 947 645 808 293 665 575 840 713 876 32 656 467 453 924 965 31 491 652 496 185
422 36 74 68 287 632 939 396 758 474 616 853 398 38 698 449 960 532 502 513 281 653 168 203 291 447 900 432 699 471 925 356 652 265 307 451 640 271
455 2 801 443
61 8 250 21 584 586 528 84 511 880
984 26 162 834 19 557 638 746 311 396 833 774 952 161 155 380 707 92 38 597 876 504 281 312 278 8 757 268
184 13 347 606 292 875 581 95 442 849 570 616 444 461 799
231 14 153 292 557 332 611 607 474 150 565 996 805 462 355 85
481 9 179 872 397 845 859 135 660 497 883
915 27 176 915 557 554 128 827 60 558 196 311 950 184 944 383 56 22 548 173 38 642 867 553 427 943 643 986 435
462 30 940 648 167 562 688 990 645 563 672 474 399 233 207 509 615 235 623 502 799 867 339 914 897 331 596 115 542 91 363 10
3 17 959 765 397 991 69 786 95 690 899 150 814 205 461 828 245 798 718
96 16 440 204 941 599 668 979 863 528 585 329 786 26 81 163 190 252
186 25 577 892 231 360 624 392 920 4 574 404 764 483 355 716 290 766 948 281 498 459 734 8 993 612 307
65 7 263 486 100 836 749 784 253
930 13 973 743 47 349 336 249 570 379 565 887 548 634 531
958 16 939 784 888 720 218 849 398 514 106 492 682 750 445 687 414 254
127 10 743 153 863 7 661 749 725 270 861 481
907 35 302 397 663 482 250 122 200 668 171 289 983 446 659 607 526 43 38 190 908 735 788 121 869 459 601 88 970 46 773 136 501 59 213 208 658
100 17 606 418 346 360 248 860 808 690 888 841 774 371 706 917 207 470 212
851 17 837 626 171 353 63 627 376 616 908 736 666 86 948 884 591 517 295
457 4 872 440 397 403
187 24 807 302 352 537 512 581 286 353 995 508 446 700 474 898 908 507 513 625 70 651 517 335 264 696
735 8 801 325 915 890 523 286 320 854
703 20 263 505 529 827 98 243 661 218 578 223 235 603 229 513 883 169 933 259 119 152
118 22 790 858 973 923 387 19 662 804 528 947 939 581 316 570 917 127 280 245 795 517 494 261
596 2 94 648
647 5 441 893 286 690 146
285 33 940 74 274 108 941 250 529 991 441 893 446 371 751 127 207 908 702 386 181 883 117 113 322 782 515 994 693 954 781 315 536 874 102
962 24 837 325 140 434 329 4 215 665 527 104 812 615 236 321 297 498 933 165 633 423 729 384 902 55
117 12 748 963 287 992 289 585 983 249 270 818 214 481
198 8 47 949 21 200 287 701 562 149
137 5 606 834 584 939 126
85 24 108 352 584 582 500 197 860 550 967 429 530 978 32 756 712 969 932 639 88 285 937 729 59 356
813 7 577 19 938 375 128 15 893
80 31 179 74 973 871 723 360 684 860 249 950 30 904 665 323 548 456 137 38 33 960 756 297 869 970 813 722 699 760 237 369 10
113 8 274 378 663 801 554 890 947 9
905 8 748 632 310 148 992 939 249 345
925 32 778 649 963 657 863 84 512 273 725 690 332 962 571 611 206 997 677 120 576 207 509 493 960 770 34 516 297 782 467 650 217 65
762 28 871 649 668 554 407 111 9 392 230 843 899 442 733 665 323 161 898 362 483 876 421 680 883 116 752 601 602 400
685 29 778 418 875 901 25 585 14 118 664 184 296 379 161 398 412 702 327 504 502 224 782 131 435 458 613 631 66 902 886
375 25 140 893 595 684 111 849 967 707 420 603 883 45 141 933 453 909 409 37 795 394 729 384 613 521 631
460 5 673 940 878 482 667
6 3 890 60 939
508 19 568 418 220 239 561 907 919 522 826 509 556 422 680 314 756 686 769 141 630
531 23 577 76 871 6 486 100 595 523 258 784 845 56 814 960 810 741 457 438 281 682 11 945 622
138 8 934 628 923 551 250 586 518 408
533 10 790 858 365 776 749 967 548 578 92 205
217 2 648 628
136 21 274 302 776 292 662 610 258 40 62 206 548 996 233 380 766 448 602 856 552 592 417
703 2 47 387
490 24 378 748 466 557 484 808 732 279 83 665 323 908 826 770 543 492 712 839 601 803 315 975 830 341
614 22 837 52 610 84 624 523 511 374 575 580 255 86 297 212 653 987 639 651 335 367 331 406
737 25 776 68 122 140 992 100 786 860 249 899 767 343 32 34 447 894 986 295 425 177 78 439 886 341 479
263 26 301 352 697 25 537 346 336 619 184 420 280 615 870 314 45 438 303 37 976 264 911 687 475 762 103 428
322 18 807 76 378 584 167 988 346 827 95 694 24 944 388 163 83 323 953 160
776 31 647 292 629 562 688 324 903 360 838 239 852 544 163 362 493 823 158 634 116 71 896 318 894 773 51 993 762 617 520 451 193
338 18 145 923 375 57 72 441 723 99 684 14 983 793 808 374 146 659 771 296
754 6 858 302 68 890 346 100
597 15 934 984 505 644 383 110 964 478 412 745 794 754 775 195 674
13 15 568 871 140 282 320 374 488 818 206 395 966 235 236 436 224
581 30 872 568 200 419 523 720 982 376 481 120 953 996 247 713 799 350 857 453 932 70 671 639 737 131 435 918 779 367 377 791
839 25 403 868 662 62 396 732 442 904 919 298 576 462 812 543 513 741 961 113 23 409 312 987 737 970 318
450 20 941 626 558 624 645 997 429 751 814 478 580 158 513 676 450 129 777 533 467 977
482 30 74 949 663 122 528 346 60 9 833 571 135 298 989 589 127 334 422 782 257 357 203 639 605 454 902 886 77 935 300 271
356 27 786 396 320 53 899 4 337 861 767 660 110 189 676 686 409 955 752 8 295 445 851 722 491 635 125 101 695
389 9 162 872 938 725 833 320 124 173 127
675 35 790 187 991 98 99 694 488 700 797 771 22 83 677 736 716 555 948 533 977 284 75 259 976 742 264 423 393 501 936 266 980 390 428 635 922
852 1 198
398 4 204 122 875 808
853 25 405 97 14 983 63 374 669 270 561 481 539 255 820 597 825 448 169 591 968 48 96 501 605 299 897
783 4 179 765 949 584
25 2 628 518
367 6 231 484 500 827 723 746
854 5 673 365 52 584 336
151 24 378 108 963 738 586 632 60 845 53 849 478 449 716 235 842 846 768 691 679 373 789 921 761 36
946 34 378 949 176 301 748 668 518 58 60 893 196 905 24 967 22 493 609 960 623 674 422 788 933 650 601 976 813 278 993 726 464 631 538 364
766 27 370 511 62 664 63 619 989 660 134 207 507 866 579 770 444 513 884 192 712 89 896 417 468 874 538 921 479
826 13 140 408 128 890 500 95 690 950 859 371 574 946 567
973 15 301 419 72 178 441 100 891 83 809 578 380 205 514 716 754
517 12 940 250 885 84 511 888 861 399 908 698 483 609
354 4 302 865 551 572
68 7 628 302 837 834 941 915 19
264 23 858 140 98 831 49 919 398 703 223 205 747 510 195 502 86 350 245 472 303 803 313 560 417
342 14 776 984 52 624 170 267 374 720 950 371 944 124 967 544
519 8 673 568 938 626 342 998 860 511
43 10 198 176 875 211 434 528 227 939 800 669
783 24 47 130 963 122 200 988 84 811 289 508 997 124 489 247 898 351 805 235 555 825 556 559 192 169
948 26 397 688 598 388 56 43 379 247 678 702 343 497 117 400 685 897 139 902 188 787 142 855 929 635 956 728
367 22 387 482 599 211 581 40 111 899 137 73 620 462 506 438 121 492 682 468 266 975 755 251
356 21 765 107 938 626 441 604 15 243 320 376 474 578 223 620 702 421 516 244 636 498 89
553 16 973 441 827 126 849 917 296 161 456 580 207 847 810 788 961 682
75 8 440 47 352 518 528 511 9 267
635 27 959 74 949 130 187 518 725 353 374 442 771 614 294 205 966 566 625 129 948 650 340 813 927 295 194 679 687
734 11 940 667 584 746 983 880 392 490 474 967 527
804 18 858 628 776 557 234 58 659 262 489 665 707 127 978 514 825 422 634 686
30 3 145 347 697
265 21 801 811 98 40 286 880 732 627 576 522 449 244 169 842 675 924 37 88 315 685 613
259 16 959 231 865 778 785 149 519 827 939 512 273 843 490 112 907 43
126 38 387 871 482 748 668 632 519 746 248 645 442 206 997 849 565 205 826 33 189 777 281 191 650 71 955 88 856 109 51 864 147 299 699 613 66 90 879 199
862 7 74 47 738 991 69 519 731
938 11 94 347 204 159 684 836 146 607 764 156 412
11 3 231 949 419
394 16 577 274 107 785 915 901 947 836 550 952 561 83 555 799 625 41
920 2 878 302
452 15 76 890 360 512 859 861 323 104 678 623 775 32 151 769 718
554 19 673 405 287 991 662 731 998 196 982 571 316 388 614 763 322 165 846 464 272
974 14 577 606 834 301 801 701 688 434 723 311 374 488 376 49
294 11 74 878 52 178 694 669 962 550 561 853 996
559 7 807 748 668 149 947 786 62
387 34 872 663 301 641 626 419 407 519 98 595 26 320 230 899 442 112 849 570 215 279 548 161 703 522 33 106 321 459 340 382 864 295 288 501
808 10 419 990 15 800 320 950 53 332 135 578
6 13 667 963 624 488 732 907 522 747 444 322 71 742 942
123 31 647 834 875 562 638 441 29 581 784 95 833 808 239 112 997 989 840 255 158 386 113 712 768 427 734 918 458 679 925 573 802
808 5 263 19 599 167 557
893 23 274 352 529 662 26 881 111 63 627 849 967 22 850 814 252 535 736 510 290 281 244 730 467
77 31 743 317 599 554 890 725 843 919 665 120 809 137 678 205 666 33 876 421 334 810 515 453 591 361 987 70 900 993 2 27 103
492 16 47 586 408 9 396 920 376 861 160 222 205 812 524 165 409 361
970 41 577 365 47 460 834 304 528 62 793 170 63 888 774 220 481 665 173 683 597 736 509 869 23 11 89 591 424 180 240 425 123 254 806 612 935 477 251 385 366 410 922
361 0
218 10 176 667 52 486 69 324 523 273 690 550
823 24 628 145 748 52 875 582 629 441 903 170 774 526 614 398 539 252 461 166 655 117 165 361 183 31
530 6 347 949 122 441 69 992
547 3 858 108 632
274 10 572 122 6 554 939 595 170 627 607 677
617 23 638 804 15 126 258 329 581 786 62 320 30 659 337 574 223 683 805 20 556 788 181 883 212
817 22 360 725 983 218 952 771 134 120 576 205 127 252 412 908 343 86 531 756 217 729 96 326
79 2 858 68
792 29 673 74 776 834 57 562 890 111 328 690 841 598 218 611 849 840 747 190 597 780 981 524 553 459 954 864 177 188 307
978 16 76 52 443 901 537 100 512 396 700 854 997 56 296 120 620 713
869 12 934 47 568 647 187 963 901 624 374 474 298 163
850 19 807 171 537 523 962 831 316 383 665 876 290 229 642 151 884 244 693 954 447
651 15 743 387 346 951 888 218 526 404 620 127 255 509 716 290 543
562 4 440 785 572 375
793 12 349 301 21 701 72 638 988 662 197 328 262 946
7 13 378 834 466 200 441 500 558 29 998 253 611 946 575
8 4 807 959 209 365
237 11 949 551 804 310 227 148 558 249 818 160 404
600 23 577 204 518 629 581 376 452 526 81 707 812 775 189 810 448 121 23 682 977 955 333 417 354
866 19 606 776 405 159 890 947 99 661 488 184 831 607 489 522 847 615 634 350 782
47 16 378 443 657 500 29 63 950 376 997 907 589 887 290 532 20 470
976 6 231 107 108 352 375 518
990 27 807 663 984 317 434 893 905 888 997 570 861 852 160 853 404 223 583 450 166 151 883 117 846 896 848 277 303
397 18 628 302 778 140 171 997 849 481 429 989 163 974 707 189 559 933 730 712
151 6 179 274 743 738 282 304
996 3 934 122 455
268 30 743 878 701 248 249 995 146 989 747 820 823 623 236 151 492 168 494 394 335 781 96 152 936 699 123 139 862 238 479 182
325 12 940 973 403 599 939 253 43 402 764 522 104 580
679 21 629 227 29 786 720 293 462 825 513 236 314 533 650 783 277 37 264 123 67 980 390
746 27 824 518 342 581 860 253 550 4 239 570 124 576 233 609 883 113 730 712 846 217 718 552 433 288 425 687 326
340 5 577 872 145 878 663
156 26 790 231 785 171 811 939 99 746 476 24 184 561 989 590 680 516 842 70 517 739 8 288 147 177 631 260
145 3 765 663 557
319 0
446 20 973 292 176 915 167 486 286 53 146 831 578 173 597 85 372 391 169 958 459 65
406 13 302 14 337 481 677 420 395 882 794 810 981 531 756
299 30 505 418 668 126 951 841 644 206 150 379 527 104 252 812 449 507 603 169 257 994 987 70 313 278 968 773 261 210 822 796
726 27 940 365 76 837 176 915 486 346 903 100 126 998 838 24 239 527 620 86 386 121 671 795 354 993 757 458 246
609 13 790 47 551 153 778 834 250 938 604 336 800 488 184
706 26 274 915 98 581 843 4 398 814 507 241 45 769 958 994 704 651 552 900 354 288 965 431 925 564 102 174
90 28 807 858 641 723 893 476 852 996 351 702 583 461 642 334 981 244 472 693 970 792 275 240 499 431 914 806 389 935
1000 7 892 776 292 176 844 317 250
13 30 940 76 387 107 301 370 324 811 14 983 53 442 337 402 294 578 412 530 579 106 680 236 386 436 650 46 445 78 265 617
690 10 301 72 893 311 845 527 895 908 698 766
406 11 108 941 25 990 227 595 800 311 53 571 706
724 25 440 347 130 301 122 57 408 7 903 360 353 230 345 376 854 767 507 716 556 867 842 116 71 340 783
391 13 647 748 352 701 557 29 353 677 504 229 372 828 245
975 27 940 405 352 688 585 329 328 644 463 665 614 522 506 555 461 948 281 117 712 152 426 102 265 791 708 256 114
40 23 959 74 697 988 863 990 512 645 396 508 446 401 489 398 247 462 847 799 224 41 232 37 965
602 14 554 273 786 26 111 891 206 112 561 298 38 462 514 609
78 9 145 878 938 484 979 84 29 998 905
504 7 915 554 7 604 711 336 29
136 0
445 39 551 68 159 629 273 672 920 995 490 293 233 614 411 805 978 532 32 735 226 314 654 769 117 165 848 88 8 423 851 414 802 177 652 17 791 658 546 451 12
731 4 858 347 484 629
951 32 21 407 58 243 800 62 170 320 690 843 962 590 614 223 870 158 513 189 334 492 943 773 710 726 299 425 724 177 980 762 256 714
51 29 107 649 537 899 627 401 481 898 539 223 190 327 530 966 510 555 735 470 448 245 769 141 587 651 970 344 109 5 373
178 12 317 187 701 890 500 396 967 33 334 741 798 415
507 1 387
724 17 349 748 649 554 282 370 890 342 289 258 396 24 732 456 223 411 683
561 6 347 167 408 645 253 845
245 18 405 518 537 360 786 95 320 392 63 690 345 952 611 758 379 398 964 707
134 26 865 778 863 746 26 951 306 720 371 561 967 578 355 566 735 334 756 737 75 278 618 48 521 902 364 39
382 1 872
591 32 892 74 145 697 466 441 310 811 100 336 118 808 694 720 982 854 150 38 483 775 20 769 469 795 832 138 781 264 48 914 802 39
903 5 460 403 505 582 178
989 18 872 663 868 310 360 624 836 332 944 907 820 882 826 86 877 492 961 113
141 30 378 785 405 301 443 21 466 629 441 407 998 578 567 351 280 483 290 450 113 515 653 459 361 986 918 499 432 491 926 356
119 9 204 108 325 582 98 860 442 758 262
819 11 892 776 292 697 518 684 26 725 345 917 429
519 32 606 778 941 234 939 15 258 995 774 627 550 4 371 887 380 351 510 195 34 322 943 795 651 739 194 368 367 188 612 208 980 465
936 13 403 901 128 346 784 124 383 222 478 395 245 321 783
589 7 74 187 287 657 243 581 442
673 34 790 785 941 325 304 227 731 311 230 218 899 611 163 620 380 92 882 736 775 444 543 16 545 245 457 391 71 203 795 131 344 109 792 968
223 12 568 647 632 595 289 196 396 664 267 220 997 388
193 18 577 204 778 484 148 98 353 619 771 316 81 549 810 625 867 244 116 284
179 12 940 231 403 984 405 7 800 24 644 371 767 919
24 13 606 949 68 748 941 19 375 29 731 950 508 861 150
312 13 108 418 738 500 661 836 880 720 124 747 327 876 229
860 27 130 778 738 632 197 248 396 24 446 861 247 137 412 189 45 438 165 143 955 783 221 361 417 46 851 268 722
493 24 577 209 837 824 748 6 629 407 197 595 880 376 401 944 43 294 575 964 380 603 421 532 444 334
239 5 834 301 140 638 827
140 27 938 838 944 797 388 561 570 215 620 104 351 966 189 766 386 34 756 498 650 653 89 65 394 927 225 426 886
939 25 940 198 551 153 938 466 738 554 562 441 29 731 998 563 311 808 982 974 155 597 449 666 33 85 763
146 6 149 370 407 624 476 53
617 2 347 302
749 16 130 778 301 990 311 774 401 831 526 660 110 567 847 33 166 591
211 9 959 858 505 325 484 563 30 962 614
79 3 790 72 97
538 14 892 74 140 626 863 947 827 838 732 659 215 850 522 190
55 14 743 418 586 99 442 22 527 411 205 255 820 812 745 461
870 30 107 130 529 939 661 749 267 345 446 133 298 567 580 252 151 867 71 168 219 264 726 605 425 573 874 708 935 256 114 761
139 18 405 684 585 860 267 230 607 155 255 603 470 129 467 318 464 817 338 789
320 10 959 837 824 349 58 126 523 476 841 732
538 13 938 595 206 134 456 780 355 777 534 602 781 423 726
570 18 387 647 349 68 6 586 211 62 306 598 859 899 371 607 383 809 707 556
831 30 776 938 282 72 329 118 920 345 644 452 946 522 826 309 444 226 948 281 322 591 864 722 177 87 608 879 541 115 61 283
639 11 959 292 68 122 6 988 408 171 804 197 360
244 8 765 551 107 353 644 919 472 23
840 20 440 107 466 662 610 148 196 286 184 270 490 206 124 402 222 812 966 470 502 766
129 30 162 292 834 455 6 146 401 849 967 852 544 989 895 73 478 411 812 309 960 3 290 106 314 516 734 415 993 48 972 911
639 16 231 176 599 863 84 227 558 523 881 239 758 296 134 589 614 678
217 9 790 858 145 844 187 910 599 947 595
309 6 626 595 749 841 619 24
564 6 162 673 748 122 466 140
354 31 317 484 610 836 329 392 526 548 996 575 362 908 514 229 810 961 244 322 782 291 643 382 51 78 367 495 931 174 82 594 182
477 10 915 599 523 30 218 332 854 104 255 412
790 6 47 187 951 833 793 920
142 32 568 176 419 211 441 310 342 253 230 859 442 611 607 917 887 597 532 676 151 438 41 322 517 344 816 689 588 246 464 276 102 830
1 13 209 668 407 148 100 392 571 854 907 49 707 280 882
622 23 776 915 632 111 995 982 758 379 677 887 226 741 655 492 730 653 954 618 937 265 760 608 28
206 20 743 667 159 529 407 990 939 723 463 767 402 589 532 583 189 553 191 752 427 987
431 7 568 871 984 610 227 512 860
446 19 387 844 19 455 408 324 512 258 725 522 280 450 981 45 457 121 769 494 5
77 28 577 834 149 723 100 563 9 700 371 850 456 964 840 73 642 450 622 219 954 433 942 246 911 326 936 806 439 931
616 29 204 176 557 979 486 661 746 258 995 135 206 852 850 456 840 707 449 448 741 244 782 682 842 13 643 517 803 264 757
437 10 365 648 349 748 466 947 196 95 376 442
617 4 776 871 834 844
668 19 940 871 349 641 915 629 25 267 611 395 530 960 513 422 391 534 712 768 924
352 19 387 915 128 30 376 262 493 421 799 680 236 948 636 357 671 5 27 213 902
60 19 807 801 938 738 234 60 575 223 156 736 229 453 932 88 999 687 373 426 926
922 10 865 606 21 140 657 128 523 286 669 508
697 29 145 301 418 991 688 661 26 800 9 672 694 4 611 239 907 173 205 805 190 165 650 453 459 945 240 147 779 432 373
530 29 973 865 572 801 29 523 841 669 345 611 388 296 351 580 530 775 444 498 639 813 275 851 699 471 613 480 546 929 477
941 13 872 551 200 599 25 408 604 249 694 24 859 446 644
617 42 765 204 387 984 108 250 668 988 528 243 563 118 253 320 831 565 574 398 412 882 754 470 236 129 883 655 730 842 909 65 433 335 138 993 96 119 194 27 451 596 715 237
70 22 209 387 408 804 69 888 53 316 764 280 555 226 334 436 492 70 704 454 931 27 935 193
461 7 949 778 785 159 938 990 725
13 2 347 130
794 37 892 94 648 743 837 352 915 443 370 990 360 836 838 891 374 841 4 371 401 206 967 247 703 104 580 355 20 34 883 534 71 143 622 969 278 560 46
879 22 274 176 748 979 863 891 672 880 267 230 962 56 298 290 502 756 884 591 932 601 313 914
562 23 551 647 19 599 282 98 903 893 891 690 995 133 853 548 908 532 674 883 459 622 798 312 203
55 31 568 403 349 176 701 370 171 723 14 476 983 619 383 544 247 156 462 882 866 770 735 676 741 350 756 121 730 11 467 602 275
656 10 748 187 250 563 170 690 270 917 402 379
5 17 834 352 910 346 26 888 508 732 446 388 767 134 160 614 578 764 127
841 26 807 250 122 484 72 890 558 197 595 488 53 982 627 700 220 565 404 355 966 290 106 788 436 224 777 533
613 7 648 641 505 418 626 407 171
472 28 568 460 844 649 443 128 500 998 645 838 110 840 775 386 224 650 143 955 303 291 131 602 587 817 413 174 612 90
434 19 347 204 460 443 58 836 511 328 950 732 206 522 634 857 531 730 467 257 361
380 20 72 827 811 800 720 371 614 156 603 3 775 870 549 41 961 469 157 275 993 815
361 8 649 418 370 128 62 784 95 320
906 6 647 403 697 6 586 554
23 26 198 834 282 324 661 833 891 690 332 952 576 747 314 34 777 244 141 943 718 88 435 285 240 685 709 183
301 5 577 804 29 624 329
545 10 878 649 21 557 629 500 672 700 964 510
298 21 892 518 97 407 684 184 899 771 997 767 887 522 504 680 224 297 768 873 37 643 737
968 4 628 274 159 801
631 8 743 647 484 838 995 298 134 574
89 12 940 145 824 746 836 329 700 401 124 919 814 539
958 26 743 500 881 833 845 904 550 611 279 660 527 614 908 235 828 121 656 459 409 330 469 552 157 447 285 689
928 15 209 673 347 397 663 292 352 915 187 599 629 893 684 111 353
401 14 145 107 98 595 664 672 320 758 150 22 404 575 252 769
488 16 179 227 258 905 9 951 24 508 218 627 332 214 124 49 429 120
386 22 892 405 701 310 990 684 784 388 852 81 120 953 614 73 805 510 513 245 900 240 757 687
855 33 606 122 52 554 657 149 370 310 434 58 98 490 206 570 279 919 850 104 395 702 826 530 493 343 549 372 981 191 143 468 605 414 646
283 5 397 748 187 910 250
595 3 606 776 984
632 16 858 6 804 558 512 694 30 982 442 974 478 444 932 333 943 305
876 2 69 528
872 17 97 304 723 243 512 888 53 607 849 907 574 456 840 92 241 676 671
969 9 577 76 824 632 72 248 731 396 374
325 22 892 76 274 667 629 178 69 29 982 997 919 150 809 530 195 422 147 538 862 238 358 82
222 25 923 901 903 860 9 118 833 561 603 623 566 775 343 549 497 912 165 630 994 417 339 750 119 485 269
990 13 647 863 336 396 920 774 627 952 388 49 110 698 609
649 7 959 865 941 187 19 554 537
984 7 263 301 6 657 901 396 808
461 19 387 663 6 171 890 346 800 598 452 616 399 462 236 450 473 277 873 671 469
566 27 460 122 57 98 881 732 962 371 220 733 706 293 665 578 412 735 450 883 45 559 686 912 232 932 792 335 8
770 11 858 844 505 558 267 841 962 548 355 609 549
582 29 74 868 68 668 171 939 15 903 360 29 905 771 575 898 578 745 555 583 16 470 788 591 400 560 5 832 46 742 864
549 4 97 286 392 849
317 3 934 940 778
659 20 204 584 529 419 69 947 990 99 904 135 767 589 380 121 281 113 842 591 768 552
41 20 667 167 901 562 211 662 100 353 833 399 590 589 161 716 290 674 773 326 454 475
998 10 68 176 108 941 187 786 511 253 320 950
619 19 923 378 460 408 69 880 490 797 853 252 780 674 825 461 372 680 867 438 559
50 19 231 153 325 211 863 310 58 258 170 808 267 995 853 137 420 506 825 334 516
503 11 179 628 667 211 197 360 218 899 146 490 590
339 5 878 130 325 604 711
2 3 387 130 301
254 23 890 270 904 644 919 660 887 620 597 960 623 642 533 846 277 70 560 633 240 261 2 202 485
160 14 162 145 352 69 508 146 627 831 112 399 527 280 826 597
535 7 568 748 801 632 149 881 476
708 6 858 628 990 329 581 111
157 24 790 858 940 122 885 342 604 243 661 664 669 218 270 452 206 706 56 544 137 33 763 241 453 783
843 32 94 397 901 149 990 512 624 881 184 218 607 220 733 919 507 229 461 828 869 958 71 848 798 924 157 183 194 326 564 652 67 17
769 6 892 628 629 669 345 571
495 22 551 776 915 52 140 638 171 253 995 452 206 733 150 576 775 106 158 457 391 472 730 71
208 22 403 941 57 234 562 434 29 786 111 511 286 833 841 4 43 155 814 539 597 736 745 623
606 21 865 122 466 100 998 732 571 771 110 620 92 362 129 883 71 924 954 494 739 138 717
35 3 959 21 69
786 13 568 159 991 84 15 558 14 845 4 452 220 239 758
226 23 292 667 6 518 629 610 346 992 243 118 598 859 395 255 579 314 867 884 869 191 622 813 338
585 25 807 403 122 443 518 15 329 170 694 206 561 570 56 917 81 866 461 884 524 534 958 89 284 718 710
607 22 397 778 287 346 111 645 306 214 849 907 298 996 539 73 478 522 678 603 245 497 656 168
690 26 892 776 455 512 328 249 888 904 401 570 124 764 92 736 449 514 630 798 219 750 458 729 119 687 154 755
903 6 76 47 176 140 662 827
595 16 130 562 69 836 40 63 995 843 184 490 831 214 917 660 677 104
42 28 858 878 868 482 301 159 317 836 253 392 442 112 43 173 510 876 504 106 372 113 909 977 284 257 75 109 259 275
938 9 599 554 370 408 128 98 881 118 891
314 4 844 557 484 558
189 4 231 274 743 923
696 34 649 418 990 227 624 249 332 611 854 544 215 919 379 134 575 156 421 461 297 792 259 433 709 914 802 975 902 496 364 358 646 715 727 721
485 3 482 176 801
737 19 440 743 834 748 584 140 211 893 446 659 49 456 351 421 788 350 450 151 321
683 10 790 778 667 325 200 875 669 463 944 733
42 5 145 387 325 187 19
340 8 274 824 562 289 684 749 118 672
991 17 785 748 19 632 512 749 40 184 429 556 516 896 37 954 433 417 986
312 15 807 512 624 581 353 888 550 239 163 953 576 207 882 866 763
888 24 47 302 200 558 197 512 563 30 53 371 401 887 522 882 666 461 625 867 71 587 552 109 560 265
633 17 628 606 405 801 582 632 128 732 831 570 92 411 702 33 532 241 933
486 37 878 949 263 518 342 100 700 644 401 854 215 590 898 707 92 678 351 820 549 556 788 224 322 232 361 277 752 601 704 5 993 757 147 431 299 39 930
543 28 790 807 47 378 107 844 738 557 885 227 523 253 880 267 995 899 509 579 553 909 284 64 602 552 246 936 266 536
422 4 198 844 360 523
977 19 529 657 811 289 845 392 24 952 161 483 241 158 559 515 958 284 622 591 303
40 12 347 868 282 7 827 690 619 758 133 205 683 255
483 36 577 365 130 317 52 443 211 990 60 243 684 581 841 218 706 81 590 134 574 548 908 212 11 191 221 900 240 468 147 485 491 806 27 791 480 114
802 35 130 785 482 529 57 72 149 171 486 15 838 396 328 808 442 659 707 683 908 235 870 129 497 777 113 848 303 70 803 259 689 261 48 724 254
763 2 807 765
210 27 198 871 938 562 731 379 155 137 223 713 205 351 698 674 117 168 671 64 792 815 779 276 331 762 821 91 416
6 37 858 204 824 325 304 98 230 53 401 831 463 907 163 205 351 190 280 908 309 794 241 857 166 497 682 842 945 896 469 693 792 976 911 897 724 414 925
561 28 198 865 778 901 662 731 320 995 982 644 4 861 665 161 575 462 449 966 556 788 877 192 498 335 742 373 123 384
266 26 52 529 990 60 311 488 124 351 493 506 129 169 909 180 552 692 560 51 356 538 975 39 132 640 727 540
489 9 959 52 466 529 554 441 171 804 610
370 11 940 748 443 599 149 804 811 998 328 345 401
711 19 179 209 551 403 801 15 258 345 944 997 917 850 539 252 362 309 763 825 680
600 33 274 529 599 632 25 434 58 811 903 511 328 30 859 490 771 907 163 294 898 620 820 847 535 32 334 545 232 560 689 918 425 897 202
413 4 292 599 178 995
878 2 94 568
729 11 959 153 632 282 662 171 500 581 40 619 659
619 21 628 145 903 26 53 218 797 771 660 173 483 960 457 281 924 70 494 432 260 406 902
36 2 865 551
488 14 301 668 582 723 99 523 836 585 353 63 81 22 110 589
938 10 673 107 599 57 282 60 62 920 607 110
879 23 673 648 743 701 227 273 286 983 429 677 137 127 309 33 515 675 592 968 588 926 495 115 957
27 19 250 991 407 804 360 595 24 861 133 110 323 539 483 470 533 534 909 340 795
767 10 577 198 551 69 610 836 40 328 214 133
469 30 145 748 250 211 688 528 98 661 731 860 833 170 831 733 379 404 478 678 355 556 422 625 322 651 976 435 96 914 373 724
695 26 959 482 701 282 979 512 891 133 298 853 898 137 683 236 224 497 467 653 13 8 295 965 31 902 272 144
196 19 790 934 599 998 664 983 950 659 490 133 590 853 404 173 780 775 158 625 948
629 4 959 765 606 397
652 12 648 108 52 701 595 523 731 888 982 388 570 852
459 28 145 153 875 518 629 211 310 992 558 508 854 215 402 539 73 522 678 826 355 912 203 433 900 819 54 377 228 142
947 27 378 250 149 610 672 950 607 133 703 38 290 775 513 189 217 277 312 318 633 393 687 175 819 59 265 77 269
599 16 198 551 871 130 68 289 585 442 907 853 155 964 623 775 386 165
287 7 949 938 441 171 342 289 286
33 26 162 365 647 176 455 466 6 537 328 267 24 669 184 337 474 133 919 247 395 493 642 933 653 291 643 276
173 18 868 901 988 248 720 843 659 771 489 751 92 255 504 290 543 655 312 469
452 17 153 649 455 529 97 500 672 392 694 859 904 463 818 561 489 589 764
285 7 892 662 7 947 723 725 328
661 3 837 647 349
276 18 934 837 466 738 632 211 370 662 903 723 99 836 511 793 270 854 155 73
824 7 231 537 793 490 56 160 155
673 20 872 130 778 801 626 149 500 26 511 118 110 539 173 566 116 217 932 64 400 517
838 10 868 187 140 6 512 273 669 962 952 854
278 12 455 148 604 983 982 700 571 607 49 767 402 81
975 5 663 68 405 844 641
948 14 959 858 568 785 668 508 401 997 565 222 946 703 567 380
534 2 663 785
942 30 959 347 317 466 586 97 396 664 218 446 733 997 919 847 770 981 497 958 848 752 726 393 501 897 835 260 475 210 154 791
966 4 274 865 885 84
776 9 807 577 973 107 176 885 128 500 342
826 19 403 176 52 582 7 84 598 818 481 853 996 713 678 355 16 857 981 245 636
280 27 959 176 405 941 149 26 118 253 508 982 771 967 589 509 33 716 3 583 422 534 675 453 66 787 658 569 114
146 15 209 748 21 500 595 836 511 983 904 550 401 767 222 173 805
987 12 648 667 58 267 446 571 214 953 255 535 812 309
360 27 378 871 349 57 518 60 841 899 644 952 967 812 158 766 656 117 958 734 737 344 433 717 687 897 139 613 652
870 29 776 844 455 558 243 585 311 982 659 571 644 293 665 814 539 173 764 882 309 555 241 34 981 281 71 813 710 501 491
503 22 179 778 834 108 518 629 610 537 289 808 401 388 215 298 576 678 207 192 472 622 64 639
838 26 537 992 903 624 731 26 62 690 995 899 332 401 298 866 933 467 203 954 468 356 210 269 300 646 381 308
968 29 365 892 282 98 558 684 311 392 598 944 160 548 404 780 680 961 165 630 284 591 798 333 37 601 693 219 75 447 739
934 3 648 378 738
862 0
807 15 984 785 667 688 196 9 396 124 296 160 539 713 522 156 462
874 17 145 606 153 57 939 15 595 523 998 619 332 550 316 429 163 953 666
418 13 858 352 57 511 476 720 659 490 574 38 530 449 666
646 34 74 824 21 167 901 72 885 149 211 624 9 808 843 758 526 399 660 163 850 703 713 764 395 966 290 470 513 457 277 894 633 423 48 499
530 19 179 872 145 765 701 563 838 396 270 660 163 623 3 549 472 653 783 221 427
943 19 743 329 581 511 888 861 967 323 850 450 473 650 277 718 618 965 914 119 722
637 23 178 947 669 733 578 532 195 735 226 513 766 450 245 883 756 591 643 560 633 414 573 802 521
931 15 934 482 518 97 711 170 619 627 463 112 852 614 777 203 13
823 19 231 292 910 852 247 207 449 716 763 532 555 531 121 453 945 495 496 174 708
70 14 179 868 292 668 901 69 890 563 476 899 56 474 544 150
951 32 482 301 352 250 518 248 258 983 854 733 214 861 379 589 327 770 794 642 634 350 232 424 689 750 136 431 926 228 796 237 1000 385
744 21 209 878 711 585 581 786 672 402 614 411 205 127 820 716 960 583 158 236 848 291 832
905 17 94 153 301 234 336 360 905 951 163 603 948 656 168 552 864 50 119
2 19 673 505 418 58 827 60 749 690 831 544 522 741 531 11 994 469 587 219 832
169 4 302 140 518 903
999 21 949 375 905 891 332 442 831 463 402 293 589 620 355 493 794 674 803 164 138 51 710
690 13 179 347 910 97 746 833 249 544 677 532 334 34 245
937 29 47 378 984 562 15 684 26 607 135 239 112 565 946 707 412 362 20 788 89 13 856 157 335 937 326 80 930 479 125
468 21 577 231 824 310 537 126 550 371 526 919 134 120 327 876 823 226 422 457 655 654 492
457 27 145 668 57 749 793 170 374 995 659 112 214 997 544 379 207 775 229 869 340 783 180 51 261 696 194 538 377
588 2 76 460
87 6 74 231 145 263 688 7
418 8 108 122 418 523 320 619 452 952
635 0
474 15 807 984 626 99 585 672 383 83 677 814 908 716 794 566 444
541 24 198 375 287 441 408 836 905 950 732 561 383 745 960 235 165 232 203 37 180 633 435 96 501 722
720 9 397 405 505 352 557 661 585 694 899
297 27 302 949 107 349 250 529 69 519 29 196 786 808 962 296 887 745 788 457 391 869 730 191 958 64 856 400 739
449 22 68 250 149 360 29 523 998 196 952 239 124 576 614 247 575 898 173 514 106 241 642 181
638 19 198 387 778 250 557 979 370 784 598 4 944 388 481 767 22 665 953 507 355
33 14 824 785 649 197 126 860 793 920 124 38 812 421 549 166
880 29 209 673 778 901 370 97 749 953 751 404 280 603 422 457 656 23 943 400 344 96 50 368 356 931 17 364 759 569 300
605 14 790 179 365 94 274 397 844 748 697 69 243 585 607 818
773 15 776 647 984 405 200 610 585 833 690 732 997 56 34 846 361
885 22 892 941 418 554 408 486 893 690 982 4 215 576 703 411 867 958 955 257 37 803 315 679
549 3 209 649 626
886 15 892 159 443 25 992 100 595 627 270 296 429 989 404 898 840
559 22 892 159 455 863 7 827 711 746 793 843 218 239 561 173 190 85 421 555 444 20 129 559
59 19 505 649 910 511 720 184 402 73 580 309 597 85 566 334 438 534 305 131 757
163 17 824 979 324 512 26 793 920 859 402 293 590 876 566 583 636 912 896
621 3 460 949 868
53 15 959 865 949 108 505 668 657 784 891 392 627 659 561 296 235
431 18 347 551 778 349 405 159 325 595 14 672 249 950 206 561 133 576 908 530
312 11 959 74 108 419 282 808 950 611 206 758 733
767 21 577 649 211 486 402 677 895 840 707 579 3 181 129 438 656 165 643 295 183 851 432
421 41 162 807 959 460 868 304 60 273 891 249 720 24 627 316 160 478 190 362 826 966 105 158 372 788 457 11 257 970 315 339 914 42 367 356 479 637 646 28 125 251 744
642 1 443
849 16 973 778 29 749 14 328 952 526 849 323 946 507 105 158 877 909
206 23 949 776 68 108 979 990 126 62 672 490 452 616 565 548 493 674 545 361 692 781 435 393 588
712 18 577 107 153 455 586 500 248 146 732 452 861 110 73 493 229 86 636 622
104 21 568 149 638 811 289 196 563 270 706 429 996 161 223 764 847 780 509 507 3 461 422
890 25 940 528 947 249 388 526 919 522 707 104 506 623 229 799 409 109 494 560 315 773 815 175 471 139 384
435 23 387 776 667 554 57 370 725 40 62 442 220 758 797 160 294 683 252 609 229 828 281 498 782
548 16 287 586 408 128 990 227 731 725 95 694 571 323 530 195 334 141
921 12 440 74 403 108 801 915 200 148 581 881 112 997
276 31 923 292 910 418 885 990 595 786 40 9 888 982 907 49 279 298 703 351 812 777 533 524 391 117 330 819 631 331 102 931 174
461 6 231 551 915 84 342 684
668 28 179 872 198 408 833 392 720 598 758 964 412 597 615 754 825 226 810 372 453 653 994 813 560 46 51 78 546 596
290 13 940 460 551 915 910 466 148 558 784 793 598 218 575
899 18 657 688 258 786 905 854 907 527 812 634 958 143 815 652 67 208 862 637
32 27 785 455 938 582 407 947 725 860 14 62 951 63 920 104 395 255 866 506 85 3 290 350 531 534 889 521 389
689 18 577 365 871 824 529 875 25 304 273 585 784 995 843 797 767 298 399 489
270 4 76 776 397 153
162 12 365 94 282 60 360 836 396 849 544 173 882 794
859 4 858 365 973 984
632 34 790 365 641 72 991 441 537 992 98 903 248 353 720 452 771 429 33 745 566 741 981 472 169 109 633 48 709 779 276 152 897 202 936 699
843 5 628 647 778 697 419
182 25 440 460 387 963 258 899 644 550 771 850 380 683 156 702 531 321 473 472 873 164 894 285 699 753 759
870 7 365 938 211 537 476 488 598
850 14 973 606 844 200 738 408 304 342 58 286 952 854 665 456
467 9 198 274 949 863 434 227 903 488 944
320 30 743 568 778 557 988 939 558 800 962 659 607 463 489 895 294 411 683 412 623 566 436 636 191 954 278 965 183 779 911 42
621 16 865 292 227 336 725 511 30 345 887 205 207 555 32 799 391 869
153 14 878 325 554 178 171 342 98 336 694 526 56 110 898 104
321 21 179 231 301 701 234 408 836 998 585 63 841 218 371 907 707 847 504 497 361 692 976
251 19 807 641 84 118 146 337 561 279 104 535 32 236 654 169 340 737 587 326 102
156 17 606 97 992 645 488 982 678 207 682 601 742 147 499 471 613 874 496
509 25 790 807 824 668 875 863 310 537 58 811 784 919 590 160 996 576 751 754 555 386 625 321 655 686 884
23 22 892 667 572 122 57 610 196 983 383 43 616 575 137 127 580 190 820 555 448 472 322 553
884 23 403 176 108 200 407 939 585 270 442 112 56 222 574 580 966 510 241 846 35 295 147 729 914
872 11 628 231 568 375 484 72 441 7 947 519 324
842 22 872 892 47 301 697 875 97 998 40 665 574 38 412 566 810 766 656 459 924 856 164 689
363 16 865 915 910 582 624 838 880 669 332 544 767 163 751 966 866 3
249 33 858 76 776 824 868 834 234 25 804 310 324 746 920 619 371 733 570 456 614 826 113 13 643 856 157 864 393 605 123 82 935 635 913
251 12 657 149 178 346 746 838 267 43 161 736 506 290
386 1 938
197 13 892 923 701 991 988 126 30 700 135 239 56 978 579
215 14 74 776 349 140 629 149 324 248 353 962 854 771 38 966
873 8 76 871 586 638 860 899 146 904
136 19 162 949 529 484 234 992 711 374 904 607 561 163 953 92 493 966 866 716 235
2 11 21 466 57 528 15 833 4 463 429 809 420
12 13 628 568 349 988 662 407 804 7 346 723 26 286 838
903 4 872 984 68 523
597 17 673 21 983 392 690 995 774 474 919 137 380 702 327 826 978 770 290
733 14 365 863 537 786 833 30 332 946 420 252 449 493 603 421
495 27 403 984 263 301 668 901 128 486 197 511 694 446 700 797 262 474 967 279 850 576 127 252 530 355 515 630 409
656 12 347 130 317 638 289 296 974 404 205 32 297 656
152 26 872 47 641 148 126 585 891 320 598 53 452 561 81 120 222 247 580 826 583 106 788 756 297 192 912 976
855 3 858 599 991
75 11 765 667 352 122 418 529 200 557 582 171 227
616 39 963 738 140 6 419 97 434 595 392 619 950 774 627 4 279 576 223 252 362 33 158 226 513 981 322 653 415 718 259 46 51 175 260 931 364 188 755 186 479
992 29 949 200 304 684 881 374 843 917 767 402 449 350 34 777 41 281 492 169 361 469 157 259 264 136 454 177 338 538 102
331 22 440 274 529 738 419 632 282 69 990 939 126 360 749 784 891 672 320 706 997 853 840 567
346 9 568 871 984 140 811 903 836 273 749
107 25 940 47 641 518 746 585 249 446 4 758 56 474 429 898 255 309 698 504 32 470 422 828 634 121 884
345 20 765 325 662 434 890 836 749 298 22 713 420 427 469 335 742 918 413 475 520 600
410 12 743 923 387 122 875 69 311 694 982 371 124 49
74 13 673 274 878 641 98 360 998 598 376 611 565 222 996
64 11 790 648 378 865 834 586 57 234 211 991 148
841 3 387 910 626
876 14 387 466 486 890 170 270 206 665 120 814 964 847 666 966
552 20 973 460 824 403 148 833 771 388 887 173 522 707 683 207 493 105 825 224 777 121
698 12 274 657 57 178 60 353 253 267 298 444 106 241
541 19 231 785 6 668 26 353 476 328 24 732 337 298 665 247 223 698 531 686 117
677 16 973 871 455 529 599 211 863 441 360 111 880 694 355 828 492 453
346 16 923 837 130 844 572 649 586 282 610 99 786 627 550 293 137 747
303 29 274 871 657 661 786 859 220 706 214 767 565 489 895 814 205 642 129 244 467 89 945 109 954 259 710 183 897 925 521
396 4 179 872 875 441
694 28 647 352 25 69 528 519 360 476 95 253 611 527 908 866 603 195 334 45 756 656 473 869 330 803 8 710 757 254
465 8 518 128 947 951 337 316 83 898
671 26 347 923 837 903 353 118 895 522 780 355 543 86 448 192 400 288 750 50 889 485 521 377 902 185 428 12
547 35 274 107 301 443 901 885 688 197 749 841 732 644 758 919 713 280 847 754 32 769 524 192 71 157 313 138 264 864 819 802 652 451 271 125 251
141 28 209 460 551 871 647 899 550 215 576 578 754 634 741 151 653 954 986 710 458 276 194 102 406 791 193 251 761 670
111 13 317 938 466 25 595 998 619 627 607 474 398 483 876
965 12 858 647 641 375 200 72 581 905 664 170 962 262
522 14 274 785 667 888 371 944 296 919 809 747 716 543 877 457
272 33 648 878 778 292 310 336 243 184 962 952 944 797 907 293 527 703 207 255 597 493 716 674 386 41 303 651 288 750 139 414 213 759 855
543 33 878 397 801 52 466 586 947 992 581 888 371 526 83 614 678 882 908 597 823 532 948 438 391 534 587 618 779 691 426 926 802 956 744
517 13 915 443 21 662 983 442 611 337 206 861 887 233 247
221 13 187 200 863 346 289 258 998 861 974 155 578 580 461
901 7 688 610 723 100 360 4 463
376 2 302 647
335 13 959 778 250 657 632 320 401 989 81 404 866 37 976
855 19 518 629 939 880 24 669 452 907 296 293 953 763 106 857 948 777 244 113 232
401 3 301 632 282
796 17 209 68 572 159 455 738 171 310 746 40 4 337 907 215 698 825 158
538 21 378 778 915 40 511 14 845 861 852 22 548 576 404 703 73 327 449 780 735 470 372
107 3 577 871 140
436 6 505 657 97 661 893 684
487 26 973 865 697 167 638 661 581 353 95 690 888 944 917 616 527 895 380 764 411 678 255 327 549 735 226 236
813 25 865 397 785 657 57 901 632 804 98 998 881 111 841 488 950 133 161 398 535 794 85 730 11 400 433
937 12 179 292 176 738 992 881 24 732 561 262 917 967
546 9 934 107 647 301 200 57 979 370 407
97 4 347 824 988 863
399 23 577 872 76 130 455 991 610 939 511 62 784 951 887 964 741 961 712 968 295 691 373 331 66
241 17 785 108 325 938 697 562 863 434 58 595 998 786 286 118 508 607 133
946 23 162 892 923 568 572 505 649 697 72 486 336 311 664 306 880 774 490 944 220 214 814 411 309
758 8 57 988 563 774 659 383 429 223
892 1 663
108 24 765 107 632 370 947 749 196 645 222 351 597 623 421 828 297 165 284 924 37 131 278 464 491 59
329 8 52 711 95 396 891 831 526 861
523 5 209 440 890 376 337
891 1 663
702 30 648 74 865 647 227 243 725 4 544 279 919 974 580 535 826 615 579 506 229 556 884 297 842 232 848 88 633 689 276 78
694 10 153 349 738 586 811 170 249 982 887 974
731 15 440 76 130 159 443 554 69 126 749 511 267 374 952 576 104
726 8 176 304 860 95 904 952 160 898
235 3 365 440 76
100 13 209 94 568 871 649 684 329 833 982 446 565 294 683
273 16 577 68 301 352 455 29 645 720 952 133 163 137 522 506 775 674
935 15 19 72 662 711 903 998 784 880 490 220 861 298 137 38 847
110 5 347 187 178 370 528
535 2 868 375
999 14 865 140 599 610 604 723 786 4 751 398 615 870 241 549
465 7 628 765 47 923 349 19 21
785 6 606 778 529 988 407 661
192 6 673 551 287 875 657 484
572 17 673 568 352 434 528 610 289 214 43 539 960 290 34 877 553 848 803
80 23 568 178 62 859 508 218 371 161 578 449 966 615 513 232 846 257 798 312 643 400 900 773 431
853 9 176 667 572 72 519 511 286 904 852
123 10 231 837 405 667 979 30 995 644 733 576
845 20 941 375 484 25 988 58 15 220 665 294 398 137 882 235 583 334 828 788 497 71
787 26 872 349 211 979 69 227 196 111 720 526 907 161 155 535 32 386 777 121 192 933 752 924 469 737 447 781
224 25 179 824 292 844 434 836 196 690 220 852 222 575 898 702 780 343 955 469 88 803 219 976 986 696 802
301 20 807 673 387 878 875 293 589 575 420 436 129 877 559 630 116 357 639 618 50 835
901 8 378 915 668 582 69 827 258 786
937 24 554 100 62 253 399 590 895 255 462 514 504 857 438 221 305 109 773 240 339 802 480 600 596 621
432 17 577 387 785 97 69 434 148 723 99 624 14 950 508 733 570 514 615
115 5 765 460 632 60 627
976 7 940 347 824 778 292 19 419
850 34 94 824 292 159 466 584 990 336 881 511 645 320 841 184 446 442 571 944 616 402 620 478 462 820 579 502 634 756 212 169 782 846 131 935
448 24 801 287 512 26 860 645 563 720 732 220 206 919 379 156 509 615 235 556 534 191 361 400 219 157
410 17 274 765 599 72 128 111 607 239 298 850 155 575 127 195 129 191 157
589 13 518 833 672 880 598 371 952 706 703 137 620 736 623
454 2 74 434
236 17 387 844 419 827 706 214 323 395 309 654 117 912 993 972 691 50 268
207 7 198 743 302 837 107 824 292
184 13 765 176 407 992 731 749 111 286 249 374 690 797 771
237 22 198 915 128 528 891 279 252 820 106 470 769 415 717 136 96 175 753 428 760 608 640 201
928 15 959 347 482 52 938 629 149 60 983 880 982 700 371 510 579
995 9 878 153 529 6 304 528 84 500 723
529 8 973 649 697 408 537 40 396 669
236 29 871 52 668 901 211 786 40 146 644 474 161 509 355 623 290 549 121 281 203 291 400 954 8 729 471 139 414 538 902
522 22 959 949 349 785 649 586 97 519 904 81 576 814 483 716 212 682 553 303 202 613 819 521
160 22 179 858 482 910 455 466 200 688 243 893 329 196 833 845 230 720 371 607 214 570 964 620
941 17 76 274 785 140 586 554 346 98 836 880 270 332 371 401 56 255 280
848 10 865 738 282 885 723 253 306 249 644 429
794 27 785 250 140 57 149 310 374 659 548 625 634 34 516 515 459 143 257 987 131 602 781 246 491 573 213 594 341
944 26 301 250 697 419 149 69 500 725 267 383 660 173 620 805 252 462 654 730 284 622 783 330 739 942 435 2
462 5 657 988 30 732 376
853 15 460 606 455 890 558 14 645 311 328 861 399 895 233 898 707
395 34 984 629 408 126 248 664 376 463 919 293 173 820 555 229 334 350 756 11 330 469 693 552 976 592 986 972 147 266 307 755 956 182 201 772
747 23 858 274 460 482 375 21 512 289 998 645 950 401 831 110 161 535 224 314 741 948 533 553 221
115 20 378 606 108 211 836 838 488 659 452 907 481 544 163 853 247 703 535 702 866 510
71 9 673 648 231 204 910 697 310 58 26
291 15 790 858 200 396 184 732 376 371 401 818 561 702 876 741 545
994 7 577 938 418 466 668 885 211
621 14 365 231 187 149 804 585 286 672 170 328 808 694 774 700
13 4 209 440 743 878
896 7 76 878 551 130 153 234 562
242 25 807 673 743 302 837 407 903 793 249 700 561 967 161 567 666 483 556 741 867 212 23 89 409 591 168
74 30 673 418 863 97 227 126 684 836 581 891 53 982 818 849 279 677 580 255 309 966 497 896 639 219 417 816 986 742 918 2
583 6 641 649 375 626 632 988
519 25 865 551 6 992 558 476 249 24 371 135 944 112 161 173 207 255 85 181 232 896 768 671 318 259 739
602 13 179 365 211 860 859 270 402 850 609 506 828 129 531
246 36 858 824 915 875 988 979 128 684 951 891 982 831 944 570 383 81 895 575 866 510 716 763 532 674 343 825 981 534 622 318 264 911 931 569 593 12
325 19 872 940 923 68 697 434 890 267 818 383 81 751 478 603 422 350 867 656 912
784 39 984 405 844 505 342 684 523 669 904 607 854 215 160 974 620 255 280 978 386 634 245 756 515 622 924 291 602 856 285 710 423 757 31 536 631 886 208 594 637
342 2 365 988
973 26 892 145 765 599 72 486 827 336 99 661 624 111 374 30 570 49 576 462 327 493 763 825 386 909 752 601
76 27 940 923 292 122 167 419 537 604 126 62 672 442 452 135 215 745 235 969 417 315 773 993 937 573 929 956 714
725 5 940 198 387 915 910
370 17 606 176 649 443 287 988 370 84 519 793 442 279 996 507 609 502 372
258 19 858 647 518 370 860 511 838 808 267 184 239 797 49 222 456 411 510 642 470
640 9 577 130 834 187 586 992 523 581 135
976 7 776 407 84 99 196 800 833
103 34 858 776 68 176 352 738 657 441 26 328 899 967 483 514 960 158 372 151 884 492 730 553 427 180 864 685 696 50 266 536 496 90 172 879
513 2 74 153
389 6 648 145 973 47 204 460
423 1 397
191 15 746 446 388 233 421 555 825 448 212 534 191 653 955 591 994
854 18 973 130 403 317 97 434 253 452 852 565 946 294 411 597 977 361 517 552
302 21 130 844 187 466 140 599 149 688 476 488 611 565 805 448 45 846 37 31 729 432 975
130 20 628 765 204 776 140 7 537 684 845 880 982 146 463 852 814 280 978 682 955 361
611 23 667 19 979 863 434 890 811 26 383 974 420 412 820 3 229 158 531 457 686 533 524 473 192
419 23 263 108 159 554 15 746 786 800 95 320 392 982 215 279 989 809 127 847 535 350 34 516 686
838 13 145 347 557 901 434 60 95 880 429 255 702 763 756
371 3 378 403 667
492 32 934 301 21 57 282 346 585 196 838 859 771 388 296 81 309 978 609 20 372 766 777 553 768 798 643 64 742 431 911 536 389 87
276 9 460 292 885 731 253 793 843 270 490
47 12 940 663 484 84 243 111 328 669 611 733 163 590
488 2 6 370
266 4 107 518 128 990
691 5 179 765 743 865 107
915 8 872 648 68 52 167 586 632 881
298 14 198 868 801 963 557 484 7 537 490 463 239 402 323 809
678 7 915 353 967 509 507 966 823
116 7 347 765 871 868 317 649 963
33 1 176
872 5 910 375 407 7 519
221 34 375 197 99 248 118 784 24 774 53 700 262 120 294 539 412 799 386 883 534 675 752 943 942 911 631 238 487 389 272 594 193 477 79 957
671 21 274 824 572 7 990 227 833 694 904 644 239 758 989 590 160 578 535 241 181 23 795
709 9 790 403 167 626 57 407 58 604 24
359 2 934 940
967 19 807 179 663 738 626 15 558 329 581 619 184 452 206 43 852 104 290 229 20
676 27 934 387 878 837 68 108 148 595 731 860 214 383 861 137 805 716 794 85 105 226 41 656 117 116 453 71 143
820 15 776 701 863 304 15 83 233 294 578 207 252 530 106 634 350
885 17 934 347 865 405 610 903 248 30 598 371 611 220 771 997 861 548 895
955 19 302 606 941 649 963 684 784 320 53 270 919 665 160 850 548 294 713 522 678
242 19 198 647 263 697 253 995 797 355 235 158 45 453 70 795 587 816 295 339 471
367 18 68 19 418 25 58 595 860 598 49 853 805 38 555 241 680 236 788 448
672 31 187 963 287 991 148 720 659 371 474 137 449 85 549 121 769 912 322 291 318 560 261 48 499 897 326 802 787 479 569 541 144
611 21 790 179 878 375 282 178 342 249 446 771 56 49 544 850 38 252 33 763 314 212 191
993 15 47 460 397 649 407 100 286 63 843 899 239 526 861 56 820
968 7 440 403 349 292 466 419 998
185 19 765 325 126 664 793 619 700 550 252 597 823 191 591 734 737 560 773 240 696
645 21 673 973 176 629 84 903 511 619 332 206 296 83 527 222 456 104 566 241 799 34 473
585 23 98 30 218 571 401 379 702 507 960 448 961 192 113 869 630 958 693 275 435 918 339 679 454
737 7 837 263 844 748 325 434 342
259 30 892 292 738 304 324 998 329 841 442 135 337 220 262 379 323 703 355 754 229 756 117 782 977 587 692 344 560 965 183 31
353 5 47 582 408 310 523
534 18 765 302 234 282 939 749 83 589 702 105 314 877 169 257 994 333 64 900
385 22 872 984 108 641 519 888 270 316 429 298 678 327 530 33 372 181 559 636 932 517 382 164
13 19 145 984 844 584 26 320 337 43 882 327 309 978 106 782 798 219 692 259 813
354 6 738 557 128 947 60 230
358 34 648 776 68 317 910 738 69 396 442 850 404 707 826 504 106 422 297 165 842 427 494 354 717 972 914 266 17 637 114 172 144 369 91 93
732 17 858 940 440 375 500 62 184 571 578 412 908 309 597 579 421 305 344
442 4 790 107 910 21
228 8 688 98 661 353 446 474 478 207
69 21 440 349 582 178 97 171 7 947 346 624 476 774 134 160 173 674 534 13 131 194 414
127 8 209 872 76 776 748 230 732 401
776 3 606 68 875
67 16 673 647 159 443 21 69 519 995 732 206 733 293 574 751 223 826
367 13 568 302 263 748 484 885 311 63 446 818 481 81 173
776 22 868 287 97 311 442 659 490 371 733 124 707 255 870 350 857 545 473 534 89 340 424 333
73 26 790 486 746 273 581 951 598 700 160 578 678 823 775 244 630 842 958 718 737 781 423 726 709 496 389 451
343 12 892 130 403 482 901 885 97 111 950 733 849 133
336 11 378 482 941 287 171 69 60 111 527 411 420
349 31 984 801 352 407 58 604 786 353 63 797 526 133 150 847 857 655 782 453 305 601 88 954 717 986 288 709 757 147 538 102 193
381 25 76 923 57 562 407 336 267 619 446 659 797 124 840 106 461 386 314 34 232 312 259 739 900 937 136
529 25 923 378 606 748 988 979 500 827 903 126 248 14 112 214 294 575 539 603 777 884 113 65 494 264 918
299 4 107 584 988 512
539 21 878 992 336 243 800 311 550 818 252 978 510 226 386 34 867 516 686 492 113 675 217
888 10 790 667 844 287 939 619 952 733 887 351
609 37 551 647 824 667 910 171 537 990 881 320 845 570 917 379 83 137 567 127 702 327 812 770 436 467 453 221 970 75 164 5 972 147 779 753 479 956 740
484 29 577 858 397 554 629 632 988 731 585 476 249 527 974 105 32 769 473 730 284 221 848 592 897 975 906 272 681 385 744
274 12 274 584 582 901 571 239 616 298 530 504 770 566
312 27 231 568 647 785 844 57 419 988 688 905 838 267 797 233 809 614 814 351 820 702 826 386 492 943 976 633 315
360 16 378 776 667 599 811 723 585 664 332 611 576 155 847 666 532 117
138 30 577 648 349 176 834 122 701 234 688 58 982 214 262 124 293 404 420 794 532 195 799 281 591 692 264 729 496 174 319 928
712 10 130 584 140 370 346 243 694 218 982 899
443 27 317 484 441 99 329 786 249 30 508 904 83 580 745 754 555 281 141 318 359 491 185 307 80 77 269 479 646
944 19 302 785 352 187 97 214 840 609 372 828 675 846 977 994 469 643 318 264 432
804 7 878 349 301 108 748 375 441
303 19 317 15 881 293 579 3 549 236 756 650 409 622 783 976 240 965 96 679 359
830 5 107 19 901 197 243
925 31 94 776 938 584 629 370 40 328 508 982 262 81 887 996 247 747 609 823 229 226 545 682 71 896 768 333 291 704 803 468 972
66 36 365 748 801 250 662 342 563 859 627 771 544 92 780 507 609 235 32 151 169 969 795 88 417 972 458 696 59 980 855 921 600 79 760 308 547 437
563 20 365 176 108 187 610 881 511 774 859 611 296 113 11 291 737 976 447 261 536 406
63 29 179 94 949 984 505 234 885 939 100 893 289 476 396 891 899 452 43 296 399 38 412 158 531 884 117 322 924 742 432
384 15 374 690 571 852 120 953 840 532 106 741 655 121 656 636 958
941 3 673 482 725
663 12 949 153 963 434 84 827 324 523 329 286 253 962
926 10 176 159 25 128 804 15 146 818 561 474
763 16 325 72 60 243 998 230 376 206 215 548 745 181 89 752 303 37
31 18 317 149 178 441 684 784 845 401 429 399 222 887 840 747 555 226 513 189
778 19 807 940 947 243 273 645 396 53 218 644 526 294 814 840 578 205 805 190 876
885 23 606 844 108 915 122 455 418 529 558 893 690 854 383 861 215 614 411 580 770 623 321 438 587
436 6 387 405 52 375 529 518
240 26 198 834 518 988 171 227 624 845 880 920 732 700 571 206 120 456 614 775 444 32 788 945 424 394 900 335
53 37 940 198 765 107 518 149 519 645 392 508 218 376 43 840 127 763 883 656 933 842 958 650 277 312 64 813 275 46 618 261 66 652 185 755 935 477 646
65 22 179 628 765 785 697 512 995 962 904 944 214 124 163 548 707 683 702 597 978 355 579 870
564 28 577 949 701 486 903 100 860 859 452 861 474 379 137 866 716 775 241 16 372 680 867 281 912 165 257 424 927 618
309 1 378
716 34 673 878 785 176 159 317 910 901 128 804 99 306 845 694 239 907 946 597 235 543 766 869 846 71 783 333 464 975 154 791 428 760 242 55
499 16 68 641 159 419 804 98 939 672 490 758 967 544 989 539 764 207
324 9 776 403 748 629 310 610 99 248 289
711 10 484 518 629 441 519 891 24 607 967 395
61 4 94 198 68 505
632 7 74 878 844 941 57 196 800
670 19 204 69 126 26 9 374 758 404 73 882 20 756 655 533 312 602 51 136 96
307 17 440 649 910 149 863 893 836 725 891 845 659 371 677 160 155 398 380
660 19 274 606 834 582 419 632 14 262 296 474 150 826 876 799 634 181 472 232 424
790 24 648 52 557 811 243 329 749 725 253 983 135 316 56 474 751 620 351 820 609 579 754 735 552 367
528 16 440 878 302 397 519 563 951 320 627 442 527 478 449 794 623 85
336 31 657 562 211 903 29 983 320 388 620 38 609 794 532 86 680 877 391 782 453 987 131 693 918 709 96 491 817 377 228 475 921
748 16 209 647 418 196 253 995 146 570 279 767 247 597 566 470 181 961
701 30 74 274 572 455 988 434 148 684 63 598 997 402 887 805 702 509 105 543 828 534 11 768 734 517 970 813 278 986 773 691
844 11 274 776 375 697 701 518 345 135 239 112 296
354 35 440 347 667 108 211 408 661 512 289 694 952 887 576 398 814 539 713 255 812 794 583 981 472 924 70 2 691 819 830 39 980 759 480 617 855
793 29 455 629 890 98 998 49 590 574 155 104 876 504 603 543 788 436 516 559 232 453 752 602 264 491 414 787 451 90 201
189 26 176 844 668 979 537 585 749 311 627 4 43 908 775 543 676 244 71 552 382 268 177 538 238 789 319 348
46 25 347 302 287 243 353 30 184 565 580 156 847 702 513 321 438 281 943 447 164 50 975 67 658 487 755
733 14 648 572 649 604 258 860 645 563 9 838 170 669 233 229
477 18 606 317 915 529 441 519 903 360 669 843 700 849 124 298 989 404 247 747
624 1 765
488 21 551 405 455 167 558 808 561 383 133 298 399 853 996 597 506 532 825 461 86 386 634
175 13 387 301 317 211 128 15 248 800 218 917 49 293 677
749 22 629 248 289 26 286 396 53 732 852 660 751 539 207 280 412 716 350 438 559 686 730 734
367 20 892 200 554 7 604 197 581 253 904 239 323 614 580 395 780 33 106 372 545 533
289 21 365 76 108 287 988 171 804 688 243 905 9 845 950 550 279 404 207 597 493 532 555
940 8 910 562 786 311 53 371 239 383
39 29 606 408 688 746 360 664 230 206 526 907 861 456 420 532 788 803 8 225 414 806 480 487 637 28 125 251 985 18 381
411 18 347 743 292 938 990 311 793 249 463 616 399 597 680 236 795 651 400 35
374 12 440 778 108 19 6 901 178 98 746 14 859 843
846 17 292 572 58 558 196 9 320 700 379 574 707 38 207 362 85 674 16
94 2 778 785
309 19 959 647 200 234 500 324 841 732 490 944 797 214 293 380 597 698 666 45 884
616 0
684 37 790 628 397 200 171 528 519 248 289 511 170 720 446 997 767 953 233 404 575 764 678 205 513 372 636 553 459 896 168 752 203 718 651 5 773 889 999
787 17 76 743 460 29 836 563 53 700 371 611 133 989 399 614 411 355 33
908 24 785 405 211 638 434 610 939 793 306 374 401 575 223 395 775 766 634 497 777 312 37 285 773 240
328 18 94 347 938 128 688 558 184 262 895 456 398 355 960 105 229 470 531 11
897 19 74 460 130 484 370 624 700 944 849 160 73 870 166 321 515 467 143 357 969
427 5 460 785 998 881 63
977 5 824 984 301 505 910
979 12 892 347 865 403 984 149 304 890 227 558 661 286
535 30 959 878 482 159 25 863 990 118 170 218 732 919 298 578 747 826 504 735 788 686 636 650 219 499 501 50 679 228 759 906
70 13 628 824 418 466 632 58 29 644 578 820 530 483 448
283 22 365 145 250 122 25 408 804 990 558 215 298 953 850 137 964 615 245 756 281 630 70 612
31 3 179 858 934
934 29 959 648 482 405 938 833 320 446 220 214 43 767 402 222 764 245 492 312 692 259 494 560 183 696 432 426 538 210 142
271 24 440 6 282 804 528 951 293 574 398 420 876 504 372 151 191 909 277 469 718 64 737 651 792 35
390 8 807 231 844 599 804 476 320 374
845 16 959 923 130 785 801 227 148 800 442 659 561 150 660 137 615 583
681 23 807 923 187 200 738 632 991 888 854 239 298 83 255 866 20 116 409 70 943 839 131 88 651
145 29 858 824 263 466 537 827 661 841 442 452 463 733 298 677 355 623 810 224 192 340 955 734 618 50 119 194 679 132 201
939 10 606 599 282 610 336 146 270 371 214 526
11 26 892 198 667 19 84 98 100 29 26 392 888 843 797 481 298 850 964 252 509 32 502 625 545 498 427 987
839 13 292 785 100 893 253 452 526 398 355 543 16 436 314
554 9 577 365 317 122 657 178 746 563 306
645 4 145 405 455 443
888 18 365 482 649 197 328 732 376 463 849 481 163 355 212 943 64 739 54 331
355 20 347 292 988 992 336 624 836 616 820 908 309 674 241 799 741 656 71 357 65 693
588 4 568 865 466 990
395 10 599 310 811 746 273 607 854 527 161 207
481 19 963 537 58 289 401 964 567 764 623 386 909 424 813 315 521 806 413 66 377
31 2 577 94
891 7 628 408 100 661 841 669 345
771 12 179 209 804 310 500 903 611 135 133 222 294 567
544 22 790 387 153 885 991 60 664 63 442 124 767 989 713 580 327 826 507 866 510 532 343 828
503 6 807 765 518 7 519 98
932 11 352 282 991 786 286 995 214 967 279 989 908
843 23 811 558 664 950 962 452 849 81 134 703 578 678 698 372 497 492 730 955 13 305 704 344 494
326 21 807 378 505 941 701 991 638 486 342 519 15 512 786 793 720 337 43 919 713 764 127
593 24 934 153 941 19 486 342 100 14 950 401 797 112 567 713 205 820 106 788 497 297 212 165 291 180
496 25 94 204 130 875 72 408 248 624 998 329 328 644 550 383 575 840 33 566 775 549 158 783 873 70 739
480 27 973 844 748 418 903 197 624 833 43 616 173 702 543 642 436 438 533 169 730 924 803 433 285 993 2 709 499
608 14 162 577 397 292 159 122 638 947 15 126 684 184 371 401
298 20 347 387 667 901 629 7 332 644 4 967 489 713 207 151 516 180 51 889 817 874
773 14 577 628 973 701 554 149 434 30 571 452 849 81 173 362
17 44 765 47 568 667 505 140 657 40 563 253 488 376 904 262 404 173 478 882 812 763 3 788 181 45 453 783 333 400 344 278 354 183 194 432 377 652 406 902 307 503 541 348 144 216
142 27 107 647 641 352 697 466 6 863 329 881 328 262 660 173 535 826 473 141 71 168 357 31 431 699 862 546 985
876 11 231 776 21 200 310 336 332 163 155 173 866
546 0
427 21 460 868 187 140 234 890 604 196 700 220 214 917 49 150 22 953 522 702 493 504 642
347 15 743 568 701 149 519 827 148 661 749 818 907 953 522 449 780
282 4 610 346 227 243
139 22 934 440 130 263 405 834 352 443 528 29 95 793 570 565 163 83 820 362 960 543 226 857
361 30 198 923 153 586 304 723 311 353 253 983 392 332 446 758 351 716 343 229 32 284 143 987 704 275 742 613 413 929 79 430
959 23 231 159 455 346 598 849 398 522 355 763 676 450 933 591 312 13 469 494 225 426 338 495 902
517 8 74 25 662 519 808 720 669 818
228 19 892 231 738 557 562 528 903 881 793 392 841 4 402 574 73 698 745 343 5
797 9 378 984 801 610 84 903 353 306 880
168 3 94 198 778
182 19 301 890 604 746 371 298 989 898 716 615 236 752 932 394 832 2 431 911 806
223 11 162 790 159 963 938 697 632 149 638 903 645
7 6 959 76 871 130 647 785
157 9 959 641 938 668 901 25 58 346 845
654 21 785 834 748 863 723 99 881 170 841 644 262 309 770 623 422 467 909 291 704 88 856
970 14 577 76 145 378 387 349 250 963 243 376 989 946 104 205
498 9 872 482 140 149 178 227 29 774 184
143 15 641 938 557 604 838 170 296 967 127 207 908 799 912 650 622
194 10 868 375 554 885 991 346 881 694 619 332
651 4 365 76 108 418
922 7 790 858 292 661 893 258 950
5 12 939 733 565 404 411 966 745 421 158 559 284 994
920 17 934 387 403 19 668 282 528 890 661 24 401 854 133 898 73 223 351
465 16 74 419 310 342 197 512 731 488 982 526 83 898 156 826 192 467
443 10 858 198 145 551 486 63 490 526 570 544
667 17 94 844 317 6 336 289 476 808 146 332 571 214 989 665 576 751 840
254 19 858 76 153 135 214 907 429 478 847 343 583 766 181 704 651 315 815 246 225
828 14 878 663 352 167 562 638 128 664 320 843 218 146 561 616
463 10 347 317 122 408 258 581 476 669 376 771
714 8 162 405 938 638 111 951 337 706
381 25 387 122 979 84 100 197 860 952 429 589 294 698 212 492 682 553 467 257 517 394 335 136 431 862 358
942 22 923 107 19 57 519 749 664 30 774 490 887 814 309 195 654 769 534 622 221 357 427 692
954 18 837 443 885 512 786 951 306 627 332 49 379 578 764 412 597 579 770 799
429 1 94
104 10 231 865 397 250 418 286 672 63 619 184
839 12 76 231 47 557 875 211 537 684 624 14 645 353
137 6 790 74 963 537 262 616
13 27 486 336 585 402 539 38 412 866 794 226 857 321 297 636 23 730 116 70 48 729 897 368 874 413 208 759 80
159 9 108 250 584 6 557 234 885 149 310
335 24 405 662 990 558 706 665 535 745 794 674 828 788 322 141 459 409 783 333 602 315 864 339 750 965
341 2 94 776
251 20 673 837 875 234 408 688 310 434 528 903 248 374 859 146 376 332 205 978 507 235
78 13 892 568 649 19 258 616 989 574 223 327 513 129 212
953 3 302 68 187
881 24 790 76 628 403 68 511 845 920 831 337 849 544 83 590 160 751 398 840 351 794 105 857 113 682
64 16 778 785 668 282 528 610 512 598 53 895 840 522 908 780 566 32
408 5 673 76 551 785 263
181 3 94 231 568
285 16 577 198 482 562 25 408 890 227 29 481 110 160 850 974 205 281
645 27 440 94 140 811 512 881 62 112 124 298 590 764 207 702 421 343 825 531 217 357 400 35 742 431 722 54 495
454 3 765 776 57
798 15 162 551 778 518 98 998 286 664 967 919 747 156 483 960 3
481 25 858 551 984 349 641 748 84 197 29 170 328 63 619 995 952 919 81 399 327 290 513 236 245 212 656
507 4 807 892 878 292
632 39 663 984 629 234 25 893 306 888 24 345 146 732 332 831 112 399 323 548 576 703 978 449 741 948 212 473 453 977 65 354 315 139 830 760 705 503 829 985 916
285 6 387 486 711 511 267 690
740 12 872 865 107 263 599 554 234 885 500 227 40 476
285 16 365 482 748 466 69 360 893 26 230 345 376 659 574 895 223 882
600 16 959 824 292 482 375 529 100 40 841 345 767 527 247 814 252 766
720 14 551 875 992 99 793 170 571 81 120 223 683 788 45 297
860 4 568 776 562 638
499 19 107 518 863 998 581 124 402 323 853 996 810 756 769 315 326 175 177 886 44
18 16 934 878 405 844 572 629 149 310 939 328 374 690 488 146 452 665
701 2 72 270
210 17 557 901 893 196 720 571 481 876 763 566 444 75 264 696 889 119 152
175 9 673 347 107 649 701 518 72 990 58
977 14 47 387 325 418 586 582 632 84 558 29 951 983 306 392
776 2 209 74
892 9 973 878 663 403 482 171 990 289 585
177 24 923 551 349 834 572 21 140 128 407 258 800 230 706 861 296 155 395 421 883 212 869 221 987 601
583 16 834 301 234 804 69 684 511 311 690 644 861 43 677 527 160 946
414 22 198 153 443 466 863 661 248 523 860 170 690 488 614 173 666 623 775 472 23 653 357 427
973 18 801 418 988 58 248 645 841 526 215 420 960 961 752 400 75 972 724 368
792 9 584 434 624 664 920 627 831 399 478
617 12 790 776 834 301 505 441 486 98 595 476 920 446
510 25 274 697 582 234 991 979 128 827 26 24 598 818 110 887 522 420 412 597 334 799 534 469 587 900 816
696 4 865 667 52 21
470 24 365 551 785 317 518 304 595 258 860 112 574 510 716 422 857 497 559 945 591 798 415 815 254 564
914 5 204 663 505 178 890
817 8 647 122 875 282 786 371 831 611
271 7 776 397 140 6 860 353 891
670 25 568 171 500 947 63 774 452 112 917 660 163 575 38 698 350 524 553 896 718 722 573 835 980 238 906
7 11 47 149 178 310 661 230 732 550 997 56 215
445 14 231 963 258 880 374 619 53 964 92 847 702 327 736 978
801 20 347 868 405 19 557 342 581 672 328 950 446 544 351 327 823 735 436 322 459 361
700 8 162 940 648 743 878 405 529 167
988 30 858 878 397 482 352 325 584 287 14 353 690 571 206 279 665 946 809 754 444 34 948 473 89 257 987 494 993 136 696 454
242 18 94 941 599 657 731 998 118 396 843 332 797 112 81 574 398 483 85 457
829 33 837 663 984 405 441 15 951 833 720 24 156 195 16 224 166 41 533 409 856 970 109 816 240 588 426 631 356 830 612 193 985 913 1000
768 25 482 325 947 15 598 571 4 607 944 767 150 527 953 751 702 623 754 883 622 839 976 773 423 911 175
248 0
979 26 959 204 397 52 991 979 684 998 905 544 92 579 422 676 766 686 630 987 219 447 717 918 613 80 428 541
401 5 292 466 140 849 279
370 33 801 122 519 881 311 838 672 845 619 859 53 854 112 279 379 456 614 411 309 85 461 422 350 34 545 981 457 75 494 5 315 288 147
696 8 365 941 486 598 962 401 429 989
807 9 790 198 74 878 68 176 122 310 84
446 25 892 628 145 638 800 880 771 526 702 736 86 869 553 622 221 798 752 643 970 394 433 338 480 520 525
433 44 973 743 776 778 572 21 701 518 211 171 890 992 98 731 951 891 270 133 481 565 809 698 355 33 603 775 642 756 884 524 473 842 958 257 469 911 897 724 806 132 930 269 18 971
61 4 858 204 302 130
40 28 47 824 963 418 6 875 60 672 880 392 962 239 404 898 173 567 92 190 820 327 290 241 680 129 117 467 330 180
550 26 301 641 370 408 197 859 442 854 388 751 255 583 16 189 473 472 977 768 330 65 447 275 986 458 679 835
840 23 47 375 200 668 684 401 206 917 402 298 614 814 532 825 549 34 321 191 447 897 835 59 564
355 25 923 378 167 97 890 624 731 581 843 607 944 544 323 850 548 736 823 16 534 909 340 783 792 633 937
705 26 940 274 572 941 657 72 329 40 511 306 4 124 137 978 3 630 131 942 689 261 965 613 185 862 658 125
346 23 878 824 325 57 7 581 376 214 989 120 548 703 189 766 498 13 954 259 433 246 819 862 930
679 31 94 347 868 349 352 375 200 486 69 519 684 845 374 843 474 946 735 828 236 884 591 415 552 354 501 123 426 338 496 480 930
791 23 234 684 273 320 30 995 899 627 206 214 946 137 943 109 954 46 633 709 147 119 926 228 753
462 23 68 370 486 811 523 329 374 146 270 446 849 133 809 703 327 666 770 343 799 741 467 924 291
244 19 959 145 347 349 785 748 697 234 863 310 60 881 124 81 247 507 857 730 515
549 1 648
863 18 179 440 648 667 122 558 95 401 882 86 533 653 284 295 613 830 79 760
68 25 807 801 122 629 988 128 746 845 774 332 733 155 805 252 509 866 16 86 777 798 278 605 368 485 491
973 27 108 941 148 100 998 581 793 571 758 474 967 548 104 555 828 777 117 987 13 330 70 65 693 986 633 240 136
683 5 858 973 984 21 584
876 8 940 378 349 375 657 519 99 595
252 1 934
70 2 352 52
623 29 743 551 107 834 234 97 434 581 881 353 888 700 571 861 814 190 702 530 514 794 566 788 281 244 498 340 168 742 937
741 21 405 661 746 329 891 845 30 995 112 124 853 576 104 156 666 634 655 524 191 987 839
765 6 443 248 230 700 316 561
271 21 628 347 865 349 731 196 230 982 732 526 134 223 747 412 810 788 386 497 281 297 768
131 18 179 74 292 748 122 466 72 304 346 512 995 550 239 481 660 110 161 898
29 5 673 648 844 947 811
781 15 107 130 941 287 557 26 732 446 989 380 252 847 343 229 516
341 3 94 47 551
688 9 959 76 153 375 901 419 267 982 332
239 5 211 407 170 888 488
699 7 673 94 347 837 371 463 135
618 8 231 302 397 178 273 490 124 429
95 17 349 500 148 723 360 725 111 371 589 996 814 535 825 181 516 203 109
552 10 748 408 528 197 392 30 215 597 498 232
525 33 460 865 349 68 990 711 126 329 392 146 388 849 383 953 751 707 823 828 34 524 846 924 693 259 433 942 757 183 471 762 269 477 646
725 34 599 811 746 684 523 14 267 690 767 402 379 996 456 127 420 156 597 866 421 195 158 680 151 391 912 977 143 722 367 185 930 640 719 36
701 12 74 923 346 841 669 388 110 576 809 948 756 169
93 3 162 673 892
27 18 162 673 387 785 176 324 604 15 838 118 982 371 526 919 565 522 580 421
860 21 167 57 149 211 84 725 9 306 63 774 952 607 383 809 205 420 741 166 181 244 636
242 13 973 572 21 140 668 662 197 595 320 306 888 950 982
691 4 765 834 200 701
529 10 785 52 282 148 196 488 184 146 751 578
796 18 74 397 176 834 19 178 859 571 110 398 814 506 933 65 157 264 696 779
981 13 162 868 97 610 58 126 258 672 270 380 309 509 105
525 16 347 865 778 482 657 282 500 519 26 881 9 63 607 797 861 919
967 24 179 365 375 178 992 98 661 329 62 880 280 327 775 549 321 867 516 492 11 459 330 75 894 354
912 22 973 349 657 72 178 476 253 891 267 24 774 49 989 120 620 411 747 549 470 372 350 113
473 27 858 231 801 443 979 863 486 346 838 353 784 306 401 56 150 579 235 556 777 438 842 116 752 987 424 734 157
236 32 923 878 801 863 627 161 614 908 597 615 770 948 141 994 798 330 639 517 313 8 261 722 225 471 185 238 132 935 477 600 430 10
310 18 378 647 697 947 248 329 905 808 590 809 156 745 794 623 165 284 839 425
398 2 673 878
214 9 108 811 206 133 481 616 919 22 222
94 21 6 128 939 723 126 550 401 73 156 966 85 444 20 470 756 277 781 261 914 817 886
684 18 738 557 629 97 342 661 786 645 247 866 85 566 674 825 553 409 427 259
18 15 347 274 47 632 306 550 110 620 764 532 559 281 769 945 143
958 20 858 130 505 941 200 289 476 784 488 899 452 544 616 222 127 908 327 483 514 745
403 8 973 743 159 200 234 662 688 304
251 35 274 204 871 482 657 248 836 396 845 700 463 818 576 190 908 826 473 675 653 71 70 737 494 894 295 965 911 722 373 975 67 791 208 132 390
132 16 663 984 263 938 282 97 392 429 404 898 535 812 309 509 166 281
595 4 301 97 859 218
82 16 76 47 204 387 263 250 557 72 25 310 881 14 396 249 694 720
726 0
829 39 973 387 824 375 554 441 7 537 248 881 62 95 53 571 489 247 678 510 343 20 642 828 777 756 121 912 322 848 602 717 458 936 538 210 906 637 300 182 822
692 19 776 57 149 84 827 811 248 907 323 161 575 794 421 497 686 492 630 517 138
901 20 482 748 455 443 938 875 827 243 511 286 995 110 163 527 853 826 530 117 955 70
601 8 673 231 837 349 68 455 443 863
329 11 892 122 697 662 511 833 30 446 962 442 565
885 8 807 892 973 663 130 140 304 604
462 9 162 74 923 19 584 211 25 171 486
61 9 378 663 941 801 668 638 863 84 197
416 19 145 460 140 6 353 793 888 797 849 814 964 707 412 716 421 948 682 909 937
995 25 790 868 641 938 200 632 661 672 880 392 249 24 239 81 222 946 161 233 420 507 510 799 777 591 312
427 7 365 76 187 629 486 311 446
497 12 872 347 865 130 21 57 248 962 239 474 456 137
582 7 673 963 310 84 746 9 383
353 11 934 865 176 738 57 901 688 69 723 881 311
950 24 811 624 725 732 332 561 895 404 597 483 866 566 158 756 297 730 217 783 415 795 517 5 605 485
65 31 94 204 460 397 778 149 441 688 248 836 9 962 298 887 478 207 483 799 828 686 976 46 986 240 685 175 377 755 479 646 772
