100 50
612
835
324
716
492
751
614
94
750
150
689
663
793
815
869
190
607
974
853
113
749
975
847
367
595
114
796
653
923
423
71
887
610
746
602
453
496
567
899
597
69
587
611
861
753
479
402
359
805
255
824
905
229
670
271
823
135
418
828
58
193
898
296
802
995
249
606
842
815
504
438
235
443
48
448
195
879
849
906
683
455
729
587
35
750
209
210
236
627
37
645
819
286
940
972
280
188
577
121
355
98 13
87 15
47 77
59 26
51 60
8 17
32 92
16 2
99 92
9 2
10 11
6 48
90 49
24 57
36 46
60 72
8 43
80 30
30 79
84 22
11 73
79 2
75 98
91 64
32 84
88 54
100 15
10 95
16 26
66 59
28 11
12 6
21 16
48 29
56 89
19 29
51 96
82 81
83 88
53 36
95 31
24 46
27 18
4 36
35 72
4 67
98 52
50 80
21 26
87 26
