1000 4000
99793
67326
96838
79661
82819
48081
60923
28877
74522
91773
82479
36139
47938
36911
88934
90239
52015
16369
32280
25897
98995
15995
47798
57510
60217
38167
4542
48453
28977
74190
84077
28769
41515
80915
8429
40685
45347
85703
69561
19868
77475
68391
56007
41764
21653
44940
48354
73668
77660
96986
15916
93007
12980
63713
50516
89548
18232
71409
54352
47208
45598
38429
92328
3464
35695
17108
44148
81041
2810
30060
17260
96636
14802
73266
54751
36455
34558
3104
10122
28569
89
26037
21575
29421
6102
88442
35320
40685
76202
89672
4244
38151
28100
96571
41614
63794
13678
2113
61186
32839
48524
78445
29474
63326
68063
576
99780
2620
3679
26253
47540
20120
52289
85467
65892
74742
90260
1211
31778
66462
90882
36021
4612
35333
48943
62578
15478
62620
81042
76663
11810
29566
55108
41283
92891
39522
41858
9022
58493
61889
35274
6032
98360
3914
91498
64251
95008
98110
65461
26785
64571
72695
62806
85534
8027
11748
64463
23505
90720
45505
167
18881
75070
71626
60164
84312
27499
18373
9685
85991
96613
61310
92023
94972
65223
99872
75574
60230
97981
57387
3367
78903
30081
82524
64437
54459
10623
28899
77963
1342
74403
94482
20223
65824
82459
96738
66487
9958
31462
92523
95948
44427
53832
4322
55750
19055
20546
31324
95636
18526
88710
15354
97429
35142
97877
78217
89600
8500
23467
83915
26193
14222
78396
46415
80045
77206
59504
62884
3515
7318
55406
99463
51744
9238
20136
7493
44644
40681
55168
56631
75559
60229
71985
89339
95370
69861
83907
1322
78360
7373
85236
4553
21594
79983
67319
17991
73540
43175
80874
77055
50492
52631
92869
18587
78220
13004
26079
39215
70037
97599
95846
61947
57827
84182
51285
53197
54042
35191
70870
48754
42563
56105
69658
64157
52439
53328
82147
25978
96502
79372
3032
63345
32002
95900
81931
26574
25256
24362
65788
11644
21960
61633
73590
96138
45814
24874
65686
16208
76416
36555
81313
18978
9011
50970
99486
61449
20649
97984
87427
33503
77355
6810
96847
25709
19062
95130
68634
60669
19491
34421
72312
57802
12406
45901
53939
58219
87126
19625
90778
63541
72531
72090
98870
81542
39411
14708
42990
60060
12691
46768
93562
6398
69930
6760
48458
88991
1889
17091
49659
37731
51511
38322
11884
63916
84222
82175
38487
87699
1799
45616
51239
90681
17706
66460
72222
73468
81167
31564
33527
10210
78331
43440
16607
64612
50200
81416
53602
68440
98506
19612
22523
66368
57933
34406
46636
58506
16580
1474
46204
34730
47089
13794
25411
81146
80254
13984
54614
77772
45547
4492
87981
40230
47932
20939
4841
14483
2354
74795
99274
17211
10758
21796
99931
85043
72554
62918
43548
5485
64391
6104
56567
27831
19897
81977
8977
16502
12312
63590
10626
74211
84433
14958
30792
32364
35897
51984
63198
54602
26778
78824
88165
53888
16971
4447
38930
89524
67364
82477
95009
48106
4932
67927
75936
41181
66255
1264
74034
78566
81205
84659
52776
65638
99617
99919
14353
51865
51903
77551
22818
78680
72726
10982
48919
89696
31780
87848
79220
99143
70325
90580
63600
91608
58506
55888
32788
24760
57151
6822
19677
38356
91480
88805
3993
7448
88723
18345
59312
40625
12247
82130
35657
84972
9463
84575
74668
57595
72423
70239
73089
59099
77170
36689
50706
52027
92576
83494
93138
49726
90315
12814
4433
98146
1618
8425
5594
90341
43122
81257
47317
55368
79738
82973
56692
5553
83900
47711
63147
56322
34301
36235
31772
11470
72923
82477
63496
81850
82322
56633
47928
88988
85798
52360
87134
3768
60785
9079
10460
20258
90335
57776
91977
86425
57101
48668
91977
41000
12730
55123
97321
47030
7709
45444
58499
80632
27920
38346
78833
26594
11330
26760
15581
13480
95472
19066
17247
56256
44496
27706
92865
51183
85481
84841
37607
42581
33509
29583
99932
46238
1057
97252
9620
8765
42695
68118
5748
86967
22816
84581
29912
50497
27692
61844
63976
23163
97262
81222
95770
41757
8927
88634
92939
10760
73475
46897
69692
23335
76479
69624
85924
93887
83227
95543
2652
42274
80013
8399
45592
19180
9331
75503
69676
37023
37346
33652
76537
50959
14873
72307
92716
40152
77292
2006
50911
67118
48903
20602
90452
41733
6577
92728
35620
89804
4622
38271
32077
84634
63021
77668
3813
72352
69522
89841
25726
23219
23492
2262
74178
38364
90920
83245
78515
84564
85250
45777
51681
34152
66379
58485
75885
89307
51212
11504
79110
55833
66126
27538
56819
29146
21557
76983
1497
91078
66823
43574
30649
90314
45836
4826
45030
53107
88070
23544
37670
89671
85673
5703
40175
52051
64187
16059
57709
31750
43914
53171
3934
26391
80708
60752
55536
18617
54087
73385
26046
37261
16958
56694
43927
79145
77871
88956
32252
82292
28851
86273
71963
14523
91975
12137
82925
56161
44547
40634
87910
4812
10156
8196
31202
90863
85299
86737
9479
39385
60121
51877
92998
93431
8570
36924
72575
2793
42231
4826
85084
87433
7451
73398
1956
99425
85534
1232
71938
46432
58217
76199
51243
68372
84394
98796
75587
69693
85533
1417
25429
62005
53293
18426
55435
78215
71701
44362
81007
13931
65539
66090
1364
72989
39488
19671
88766
41373
37254
60703
4157
11823
53253
71751
96546
37647
70547
72132
23691
56079
73549
49119
34435
43193
83897
6222
21407
55597
50583
2413
85880
16121
84855
3595
5462
40694
39617
94227
82066
93222
71281
2574
5044
24533
74325
1590
78531
44871
73721
2221
17301
63621
67692
68087
6814
51588
74308
44572
23536
41242
46985
25767
57363
48191
29361
62824
88884
85329
73402
87301
78551
44682
89875
83594
69214
64199
85183
47745
25421
75256
66317
42721
55228
34008
10807
78393
1947
1467
22965
41835
42708
86301
67601
16422
34491
13314
79245
23374
98642
52646
10674
77192
13679
16900
60786
82893
81098
62320
46989
6518
53927
13305
65590
9155
47313
76397
3899
65611
77863
26863
7445
36922
13163
75046
53344
64005
88359
48940
87378
87000
1586
14404
80544
15264
31303
41329
14508
28753
20000
61496
35270
73927
74801
17212
99433
38465
93608
19683
4075
87822
46546
27872
41095
76060
19269
94438
40065
7627
43378
43794
10978
61315
74549
91521
92930
5852
49201
7438
34604
85553
85285
86225
75831
60085
3436
91615
14901
13395
11297
18976
17568
74194
46847
58663
50254
66115
53100
6670
944 877
220 991
991 214
485 990
703 633
783 702
226 439
93 245
766 967
155 124
198 395
648 105
617 534
977 822
57 942
156 954
354 782
952 412
753 478
162 720
729 184
17 95
369 960
314 651
888 288
255 214
739 370
840 501
538 511
122 501
15 361
594 585
194 946
463 921
532 798
220 73
624 96
128 79
838 373
505 243
331 594
340 522
833 970
815 26
28 296
665 266
207 257
747 315
253 587
41 466
652 6
488 764
245 925
983 886
291 606
993 217
770 117
186 53
43 558
247 434
4 847
112 41
769 579
652 649
26 52
743 414
6 760
818 257
4 985
761 397
298 810
920 395
502 52
541 579
431 326
699 519
473 34
942 520
181 130
230 144
727 580
499 330
450 836
93 613
280 310
740 452
295 740
164 479
190 999
842 833
414 227
784 689
902 770
828 898
24 715
501 645
395 604
432 86
108 403
953 539
85 550
738 723
137 422
95 553
26 160
789 879
369 132
85 708
136 264
795 860
602 260
520 916
974 434
668 9
58 604
998 264
535 230
306 487
503 1
455 54
848 158
515 877
926 572
208 310
924 417
669 152
909 407
522 639
209 44
915 891
921 48
131 586
730 748
683 58
740 510
584 511
439 776
559 507
738 31
733 377
327 842
515 729
393 72
189 345
281 429
147 105
258 830
946 549
344 809
515 297
914 717
948 17
847 973
118 136
382 415
134 159
477 722
577 366
756 799
860 471
959 337
641 825
580 688
32 623
611 925
987 282
16 793
122 291
281 262
7 827
811 947
121 482
624 310
108 492
450 254
844 223
342 648
99 811
210 307
596 710
223 752
617 893
405 506
279 94
850 440
537 108
273 223
587 696
464 555
368 968
243 258
605 725
1000 618
159 249
142 795
165 408
324 118
631 596
824 767
453 819
126 382
199 503
97 105
63 182
136 842
361 706
207 722
819 968
192 941
431 682
314 603
529 881
575 163
467 207
111 262
109 873
421 381
680 137
866 121
786 147
11 729
175 409
691 342
404 257
258 252
879 753
548 360
161 487
376 292
638 818
734 593
773 976
148 639
739 827
390 684
560 958
682 359
182 823
21 115
733 975
1000 178
668 649
978 159
777 424
572 639
953 452
178 453
301 823
926 351
44 28
797 363
990 877
558 782
855 80
72 928
968 349
457 716
436 738
361 501
387 145
214 808
641 61
326 151
870 378
529 986
144 976
437 971
973 756
922 133
968 688
442 7
334 865
957 877
144 777
220 621
111 805
695 879
76 981
244 787
261 674
126 845
970 678
72 840
307 419
614 781
173 457
620 384
873 816
33 23
707 6
142 116
837 317
746 858
513 443
390 52
100 503
502 194
8 111
688 440
768 642
649 970
567 796
654 24
179 580
217 867
280 757
731 207
19 979
11 575
207 152
327 165
732 266
326 947
76 657
795 438
56 990
789 171
801 687
164 299
401 360
282 271
304 670
74 631
633 972
451 466
126 287
360 85
595 558
55 317
497 368
944 230
680 160
899 483
56 285
656 904
10 309
724 534
480 311
790 650
692 814
631 337
672 307
545 425
299 402
229 73
723 193
417 371
924 487
989 782
767 30
931 675
479 208
462 993
570 568
523 162
559 762
361 24
125 103
157 672
299 288
342 921
503 90
924 206
186 820
515 274
541 629
596 972
961 452
554 929
824 170
211 301
974 15
341 849
6 401
68 329
427 978
498 690
130 654
840 408
956 16
768 74
157 334
726 836
975 413
347 974
700 134
710 929
902 166
846 62
758 616
430 125
104 714
297 432
963 362
709 421
904 383
394 333
898 270
947 929
36 443
486 599
617 143
354 681
386 362
968 259
299 39
998 312
144 111
363 972
827 996
793 880
595 759
99 980
763 758
1000 301
694 171
38 880
503 97
274 734
416 575
706 313
234 233
479 93
445 551
6 62
880 177
22 814
124 11
690 311
709 518
730 375
150 191
349 146
323 288
53 81
356 214
236 446
167 365
341 314
870 514
364 626
742 95
281 522
366 679
470 430
862 732
121 650
520 882
901 390
652 691
862 491
939 317
472 953
264 420
315 517
746 384
441 149
354 380
726 657
777 223
253 381
392 393
239 54
720 82
293 124
88 795
856 692
475 621
926 330
169 362
813 93
904 85
653 453
827 145
548 466
21 505
836 404
214 624
56 674
539 872
97 666
212 161
14 439
330 390
541 450
210 293
601 926
305 935
159 435
395 410
659 627
577 308
199 378
685 182
472 491
344 319
76 983
724 692
975 836
146 511
130 497
648 989
636 491
343 631
417 377
45 495
50 829
705 313
519 765
444 806
65 710
434 9
477 914
83 801
57 227
238 436
167 836
64 517
826 490
485 369
197 361
886 230
505 919
472 251
610 807
929 277
700 855
235 500
965 887
828 755
76 341
972 426
648 59
600 189
344 657
489 730
666 989
100 74
4 243
270 116
235 525
541 118
735 317
728 873
509 971
192 94
472 609
178 611
521 32
938 404
99 694
947 192
520 666
897 980
113 139
693 968
118 489
618 453
551 387
961 418
566 103
647 377
391 708
73 547
290 641
790 364
291 861
809 823
990 8
237 737
869 825
907 167
245 668
320 522
463 751
800 321
772 985
56 787
899 75
851 69
215 467
395 88
876 674
564 735
743 330
509 572
202 927
499 570
967 411
736 802
370 309
996 185
744 121
900 569
622 606
829 83
101 840
42 514
61 770
182 998
897 77
79 919
900 113
472 381
801 549
173 221
611 23
567 172
668 24
378 7
909 93
45 630
338 765
910 564
4 362
7 665
263 721
777 171
671 38
55 462
867 510
313 675
773 297
69 957
917 976
589 80
379 815
142 363
108 171
334 375
447 403
832 130
310 221
727 777
494 197
586 879
38 484
428 257
70 598
113 96
76 178
535 256
657 891
184 568
748 591
666 387
497 881
265 181
630 434
909 869
180 738
655 8
618 535
874 800
36 960
905 276
44 451
179 38
43 461
235 802
910 630
962 844
299 632
512 556
117 931
23 773
486 304
248 838
316 571
729 250
379 532
744 869
170 214
198 601
367 165
217 380
136 717
940 616
502 137
501 457
263 465
742 395
36 130
476 581
567 238
386 80
472 394
247 406
126 247
343 363
254 486
77 374
788 244
775 952
735 144
48 430
122 770
737 409
104 430
432 695
166 766
618 30
81 273
859 405
464 438
522 799
796 745
474 921
271 339
165 213
597 121
697 557
60 450
513 703
636 958
82 342
909 183
803 713
843 62
828 622
111 548
979 706
756 711
720 273
708 471
163 441
555 527
640 749
721 598
856 959
978 635
357 936
994 205
639 628
131 649
291 329
873 868
597 582
241 987
433 743
200 904
680 540
149 177
946 941
70 869
651 701
572 228
968 716
202 261
758 721
706 97
834 923
610 618
593 709
251 154
43 949
169 149
466 160
813 952
810 390
206 944
347 758
748 583
642 572
225 825
896 291
404 297
386 354
733 541
61 768
916 904
389 513
247 328
25 13
670 947
174 863
376 324
715 942
809 434
349 553
421 268
474 774
695 503
924 988
967 105
995 255
502 791
553 724
872 303
832 906
487 626
375 445
6 967
527 421
171 94
136 254
862 753
844 238
288 818
245 257
937 683
536 561
230 419
654 165
44 680
563 318
473 300
318 852
151 587
86 169
673 623
669 425
575 811
551 710
648 362
170 218
753 85
660 141
852 970
738 1
446 375
170 297
741 273
686 156
194 64
950 972
572 461
394 75
191 781
700 589
388 106
524 852
534 258
140 300
305 465
931 281
177 887
837 580
554 794
129 881
146 762
349 159
71 679
861 624
280 760
780 374
187 152
49 863
931 970
607 883
92 403
44 508
20 818
795 231
804 163
97 177
857 51
33 329
286 728
9 180
125 176
749 534
991 2
989 84
73 614
402 496
922 529
864 512
508 370
854 517
281 28
372 47
208 462
363 684
558 779
835 991
601 436
324 650
262 188
789 394
6 460
210 823
158 697
995 141
6 221
77 359
302 62
62 31
899 421
97 805
484 451
398 172
317 655
293 236
377 902
739 670
445 442
656 7
187 475
582 676
157 823
407 626
428 707
87 983
669 825
393 524
472 315
720 132
982 511
194 154
146 594
842 285
834 253
901 295
769 704
82 267
599 631
713 137
181 453
805 41
945 79
728 455
768 655
931 43
95 374
507 362
10 128
342 703
553 498
429 98
289 152
882 619
225 369
436 445
932 495
935 876
765 130
256 24
676 212
444 380
19 808
170 240
764 483
894 381
395 464
793 295
481 631
977 627
732 839
907 402
274 751
131 62
980 411
440 464
893 18
6 743
197 214
914 155
388 361
764 22
244 209
988 425
360 949
10 492
658 521
679 114
787 901
470 37
472 332
878 710
883 299
579 214
895 521
602 190
404 129
574 46
834 439
357 934
436 302
77 104
932 36
997 858
327 730
852 108
634 991
860 439
484 249
979 707
967 330
772 860
391 799
705 100
379 26
519 974
202 427
361 865
784 499
819 255
848 582
141 624
355 578
581 497
820 626
792 316
745 511
821 439
604 584
794 370
528 858
326 171
478 67
812 920
636 732
736 98
132 302
397 679
856 246
377 122
10 103
319 237
275 703
358 152
635 231
14 471
581 170
390 996
494 455
987 533
1000 769
4 320
956 992
877 640
763 546
704 896
223 227
223 659
444 839
314 489
425 287
26 708
201 268
576 470
152 210
474 933
561 492
975 400
963 137
581 735
902 906
753 154
618 237
559 424
78 498
305 20
101 496
148 235
748 695
834 973
638 824
588 403
533 494
70 581
545 356
885 680
578 996
27 124
843 96
829 340
592 509
950 880
617 277
74 780
356 130
412 576
591 785
462 273
595 123
368 833
101 9
440 942
910 888
138 726
323 820
784 796
245 672
890 971
894 426
613 851
389 369
737 804
298 320
599 108
270 949
705 757
178 292
597 118
433 992
310 982
493 878
664 67
781 583
766 572
630 291
976 655
587 542
738 583
225 504
365 308
820 157
705 16
598 671
111 83
928 774
392 240
606 931
686 638
600 367
547 86
713 949
713 320
956 933
810 558
747 372
590 712
569 320
508 125
315 332
848 118
788 106
96 795
496 918
865 436
560 814
11 927
377 327
450 428
402 276
495 975
724 779
416 499
125 145
836 567
928 933
697 415
707 91
995 256
938 546
132 933
49 784
342 304
227 659
366 433
314 182
587 574
489 434
858 952
175 281
963 996
565 428
914 218
965 373
414 675
503 148
977 351
372 609
106 416
797 585
65 444
302 789
835 183
505 296
747 709
317 538
908 776
301 225
909 974
144 238
224 717
210 32
242 738
580 856
716 3
396 418
341 541
526 43
731 19
424 560
717 557
223 971
714 969
379 502
411 394
139 908
260 995
672 308
227 97
334 129
310 718
312 677
980 827
818 671
577 668
217 466
463 115
127 897
150 990
831 962
104 834
458 919
475 812
980 532
87 494
189 191
763 283
317 576
531 38
868 889
516 577
977 488
415 828
472 373
413 440
920 264
7 26
876 844
443 230
75 422
548 488
170 254
84 518
781 310
105 973
465 999
217 491
262 822
947 396
661 121
577 71
257 956
749 439
21 880
284 725
107 760
925 897
579 994
664 59
415 563
884 295
541 402
611 334
896 623
556 826
741 833
57 438
616 881
885 949
532 258
600 196
314 346
993 92
835 983
765 630
731 618
673 274
833 58
698 821
896 428
816 968
884 105
597 196
537 50
197 398
404 144
99 267
541 769
890 65
14 756
698 452
488 454
732 396
26 625
134 217
871 482
618 81
444 681
883 455
722 440
310 852
537 747
987 336
896 679
121 118
2 30
522 696
556 498
262 568
278 483
307 284
12 646
389 601
124 310
509 115
589 445
285 399
170 902
211 845
205 921
314 679
492 894
924 859
660 819
713 372
63 55
435 543
158 825
869 616
59 710
637 124
159 29
607 620
898 774
17 507
848 647
304 98
131 16
816 175
710 779
723 318
59 916
837 536
637 982
146 870
733 728
529 796
833 90
800 591
102 319
507 942
564 869
472 664
464 442
516 162
718 670
933 752
242 755
239 853
70 610
835 641
41 517
820 189
903 625
754 187
649 221
798 311
509 96
139 687
600 896
906 349
875 744
117 98
402 819
503 585
228 965
87 582
48 262
793 596
9 877
332 791
260 672
12 785
624 856
404 819
220 161
289 769
557 703
464 572
757 112
880 492
339 71
964 697
737 40
593 44
898 111
801 47
159 719
607 935
809 944
166 40
954 618
7 894
139 609
627 587
331 633
742 503
494 377
294 101
586 104
400 124
861 993
564 118
698 151
815 574
526 522
993 169
817 55
37 520
212 247
877 694
924 984
470 989
780 829
771 889
726 314
352 693
5 578
326 764
141 257
800 967
629 737
3 171
721 660
256 11
407 156
541 455
692 549
327 685
661 206
696 75
121 868
938 685
351 64
278 251
985 277
446 990
432 21
51 930
801 500
847 373
304 714
62 633
662 864
821 322
55 741
863 606
783 709
787 785
877 648
680 79
254 275
597 565
409 77
966 243
661 290
452 160
613 853
569 148
532 543
516 286
557 707
744 850
348 218
929 946
927 759
475 93
620 328
909 621
385 831
251 756
394 684
365 254
533 68
444 919
20 581
595 556
604 98
704 616
70 618
648 810
316 219
55 863
379 488
970 596
767 547
202 742
582 769
670 551
105 941
3 447
720 501
345 318
642 593
533 328
8 304
586 360
593 594
835 615
427 42
560 266
718 578
978 561
304 553
613 202
305 938
105 779
232 628
283 997
385 402
584 752
937 912
400 9
150 141
708 46
400 515
962 312
964 477
963 969
327 413
865 108
134 527
357 638
603 301
648 235
587 103
142 104
428 345
756 838
511 532
345 108
298 663
807 101
328 685
719 235
264 842
306 788
442 793
412 325
492 904
787 213
862 490
820 547
194 370
416 671
220 382
790 402
362 953
203 201
127 575
728 334
372 574
637 267
184 520
896 748
92 90
826 458
486 321
285 484
382 393
238 926
959 518
926 512
522 403
396 103
723 108
947 226
272 773
594 231
346 375
281 551
709 391
952 170
623 99
405 162
438 684
183 23
662 928
124 409
345 146
536 986
922 89
955 60
997 983
889 743
880 664
777 379
775 918
898 520
775 101
96 330
345 715
159 315
605 716
80 360
913 176
750 33
7 904
780 90
364 869
992 374
38 648
853 840
347 721
239 807
275 6
423 849
560 300
886 214
23 968
981 306
262 119
691 671
865 111
203 617
612 838
117 594
847 554
924 597
515 349
468 975
993 588
101 225
415 244
639 696
967 249
479 334
870 414
182 614
580 512
557 409
587 418
56 353
775 922
584 363
473 779
523 358
551 973
951 821
987 873
253 478
719 490
922 106
523 328
334 601
40 942
195 990
347 997
573 185
272 503
913 500
494 697
320 332
470 484
929 838
972 332
170 462
989 253
705 846
282 377
367 255
987 288
290 909
845 608
13 383
282 477
919 510
567 175
54 89
589 326
167 404
681 830
723 451
794 904
468 983
967 279
623 992
433 274
858 89
882 235
1000 866
985 908
298 394
110 860
939 205
735 874
434 788
363 300
233 998
133 682
279 862
172 361
716 269
618 489
688 113
507 810
286 33
868 30
358 496
560 518
663 560
325 738
134 362
988 565
722 804
921 589
414 527
796 91
939 889
635 901
938 339
277 143
163 463
72 559
293 614
259 745
492 41
193 188
770 599
218 874
343 410
895 907
558 143
538 739
299 823
419 977
862 867
132 355
126 608
707 906
678 251
335 81
228 798
206 788
540 517
603 825
807 845
436 321
441 878
990 77
705 755
964 744
208 865
279 140
390 782
581 81
484 278
847 64
608 339
171 953
917 240
524 175
528 335
662 642
121 975
131 976
317 117
212 823
524 537
34 919
289 888
369 994
369 601
907 915
70 600
81 117
230 948
905 615
423 615
367 272
874 674
824 367
468 632
105 904
206 358
891 453
620 685
822 322
299 995
606 298
380 483
745 43
975 450
765 858
576 745
986 595
8 933
818 389
699 314
50 536
120 995
524 797
504 840
584 411
305 358
409 463
940 608
936 406
392 307
367 297
320 951
11 725
224 845
457 683
489 56
449 660
911 15
380 46
584 140
757 553
61 389
436 675
91 203
310 584
49 513
876 99
980 953
499 793
113 430
220 282
139 119
581 382
621 952
971 860
3 514
159 203
170 99
946 154
325 261
649 399
26 714
593 719
224 398
878 332
669 521
996 483
63 849
16 17
658 868
965 469
754 519
294 245
91 484
766 745
877 204
832 737
586 359
148 29
855 235
391 268
358 673
208 416
618 101
505 518
299 644
599 774
501 993
326 488
658 974
762 441
541 384
279 296
331 929
983 434
606 88
910 224
110 92
419 852
109 995
132 993
169 753
559 193
284 931
180 659
336 214
548 394
481 963
453 225
408 427
62 134
718 213
983 823
547 127
15 863
184 663
436 90
874 705
476 102
652 671
514 572
197 155
458 711
619 776
428 768
262 692
672 375
435 779
567 264
920 677
140 396
890 785
977 792
237 691
111 363
441 963
968 706
643 779
179 110
877 695
862 710
137 252
330 104
916 84
735 851
214 652
115 315
851 474
162 207
464 980
445 963
263 685
933 146
214 325
579 408
534 543
223 591
761 660
643 963
341 364
623 606
98 78
33 858
966 444
577 388
365 673
855 472
412 113
195 428
332 798
134 834
398 275
169 969
288 210
630 450
669 328
65 966
183 306
821 923
215 346
992 463
562 45
62 734
773 38
57 520
415 172
430 498
217 192
896 952
259 777
716 760
406 722
775 618
82 307
305 234
848 358
807 51
569 110
662 134
1 502
858 136
928 204
206 292
576 589
427 584
988 174
181 314
227 752
595 374
395 99
395 906
589 694
771 339
393 307
890 901
153 823
349 278
77 551
885 14
938 289
431 970
956 419
547 259
313 65
206 608
249 969
636 776
877 484
562 328
878 502
962 240
31 3
305 224
72 622
624 738
347 467
673 992
368 725
332 756
339 482
536 677
351 878
885 59
973 85
909 15
695 321
750 168
882 945
691 24
267 65
743 111
468 581
371 605
81 172
416 501
356 198
382 195
611 637
161 71
251 373
739 351
604 965
491 756
597 87
97 749
488 34
80 125
436 751
3 636
747 340
848 20
195 671
993 123
780 989
598 886
899 226
476 118
528 482
131 267
384 202
368 843
656 59
738 379
831 861
824 730
707 250
915 812
165 990
675 248
394 802
434 896
213 520
412 349
988 991
463 852
985 403
65 749
162 737
582 156
489 208
53 828
529 11
9 993
819 707
700 378
848 845
702 373
425 255
187 489
670 66
802 380
869 598
630 535
338 292
982 512
181 152
157 329
14 354
225 730
688 267
203 149
98 41
101 742
901 188
559 772
632 623
962 786
770 463
199 5
5 989
157 902
216 470
40 864
585 253
282 730
98 625
674 992
667 884
705 250
321 193
964 845
829 732
71 717
486 134
416 601
295 480
808 342
519 319
906 359
743 432
751 424
597 607
235 248
16 95
124 509
520 351
608 198
318 659
76 975
881 99
620 915
139 839
587 452
66 18
722 677
731 479
885 554
186 161
548 795
989 779
897 134
605 420
793 969
689 706
477 49
650 189
257 284
453 784
626 393
42 331
742 99
976 16
941 687
640 169
334 784
102 475
656 137
639 867
876 804
797 555
881 267
10 119
276 397
884 710
759 985
724 296
190 450
162 339
715 91
629 93
961 500
224 450
565 819
241 506
229 324
57 374
224 413
560 908
937 751
733 367
235 838
493 566
109 72
412 723
215 152
27 751
489 672
875 621
950 696
179 649
42 706
898 810
907 327
405 660
162 954
20 721
642 520
313 184
382 56
175 576
570 945
245 208
629 845
747 29
811 83
113 551
42 682
587 740
292 925
805 228
483 904
790 603
566 143
822 549
17 37
289 506
336 191
620 181
967 59
749 712
240 317
343 213
620 449
846 493
516 15
584 815
519 2
403 396
760 747
30 727
902 688
729 772
71 166
630 404
643 590
144 280
893 439
606 536
92 666
834 908
19 485
682 599
260 197
891 225
389 575
64 154
415 195
966 617
1 269
522 814
618 693
136 605
244 760
323 910
457 112
474 312
721 376
768 359
723 718
439 469
694 359
255 40
977 947
844 855
577 182
171 566
799 18
283 93
301 352
557 957
519 981
558 185
945 452
763 121
447 52
464 953
982 401
610 306
875 153
651 415
70 54
726 545
58 484
130 216
752 619
152 72
249 847
5 3
277 426
339 497
735 216
768 503
460 526
638 222
438 243
325 694
104 340
441 3
865 146
843 624
16 738
261 132
348 369
598 614
484 378
98 201
610 156
741 274
180 379
76 955
465 434
249 550
350 775
800 734
767 129
43 929
492 806
582 299
503 104
666 664
144 751
800 131
302 797
315 128
335 61
474 408
190 397
504 129
522 154
675 14
867 791
10 740
128 490
10 145
27 99
368 994
658 276
23 420
162 998
361 191
582 603
744 535
279 878
91 950
298 942
629 485
65 362
393 317
903 756
328 254
785 678
241 233
753 625
108 142
793 390
620 650
820 557
643 333
419 83
748 928
133 592
755 583
419 713
589 429
14 34
434 720
233 197
304 80
717 748
435 684
936 405
390 627
24 259
298 29
841 674
445 553
824 224
670 426
327 382
570 115
825 352
241 600
456 33
695 789
20 39
402 178
193 151
405 495
696 13
323 265
288 807
537 250
632 197
187 746
192 75
68 837
826 176
447 880
719 25
198 293
348 836
401 340
615 669
269 854
726 93
821 370
488 119
889 223
658 385
401 617
72 729
703 107
702 887
885 821
134 847
534 893
312 583
374 899
298 107
726 820
141 715
308 30
599 12
525 919
429 488
492 309
642 698
609 612
716 142
259 589
236 727
88 65
581 836
184 680
579 654
548 862
445 578
306 644
274 745
164 999
8 279
823 881
327 940
386 498
886 504
291 567
147 780
431 427
1 739
229 294
19 202
652 446
58 569
245 170
562 657
658 39
261 683
342 901
504 673
932 873
337 712
109 225
205 926
493 953
830 838
876 399
999 285
527 194
29 558
514 140
273 378
455 769
597 564
565 579
84 248
465 918
823 100
316 587
921 142
330 139
251 782
179 559
804 897
166 312
89 649
772 98
943 36
507 793
237 440
781 642
927 583
358 335
343 209
920 6
264 8
432 715
414 97
166 163
432 789
773 117
44 556
816 325
62 38
25 85
394 396
601 419
697 307
902 693
949 908
358 535
583 989
535 214
565 544
502 571
907 733
891 851
328 598
859 33
261 774
582 15
343 901
412 321
3 363
311 176
499 675
327 122
648 142
588 966
920 928
218 877
734 766
207 348
715 3
90 558
709 160
400 537
227 785
496 720
952 6
628 422
347 991
21 142
521 392
119 47
613 515
964 335
350 610
391 64
562 600
310 667
485 874
189 56
732 709
589 664
415 861
602 206
439 830
704 918
923 46
835 905
193 105
897 718
843 755
100 675
728 293
988 888
707 460
678 332
331 740
448 576
665 908
862 794
412 414
402 896
186 294
669 63
89 463
18 67
805 710
1000 299
390 505
206 983
787 734
771 524
888 546
431 933
328 55
428 843
120 364
633 386
683 484
6 414
546 121
929 373
745 713
807 366
635 588
562 984
756 814
123 880
395 302
870 148
846 431
984 189
124 695
3 966
472 627
265 276
44 394
904 75
800 760
598 101
634 564
124 766
484 596
878 776
701 930
765 319
72 786
402 581
924 817
664 732
766 326
324 616
206 287
662 110
874 114
627 119
697 30
2 51
825 230
952 496
637 707
98 337
579 130
601 928
948 592
579 230
625 908
758 981
786 592
603 600
377 521
324 494
379 527
321 785
386 822
695 90
680 814
397 611
564 545
520 194
206 836
213 447
639 266
587 478
716 227
335 170
577 853
956 509
888 704
988 761
69 682
591 646
478 380
32 307
261 561
5 666
491 712
653 294
442 834
3 989
661 407
114 957
345 410
135 868
819 537
479 413
379 752
902 132
916 185
966 719
221 942
727 250
149 678
507 295
582 475
54 889
617 83
136 420
669 489
705 58
722 738
425 173
882 386
527 235
359 502
280 633
929 381
440 250
114 267
420 409
723 970
202 649
155 312
637 470
509 764
57 966
251 185
751 683
102 415
504 240
612 550
450 89
468 981
648 633
797 44
353 948
313 643
808 99
410 379
338 726
889 499
414 123
629 788
115 4
529 990
480 94
610 54
853 236
741 244
311 887
534 550
111 386
255 787
611 960
96 558
848 181
96 386
736 451
825 393
134 424
68 770
559 410
985 94
69 11
741 797
327 30
71 72
910 981
112 159
364 746
424 119
847 949
568 573
560 491
62 723
673 729
44 502
412 274
488 527
572 680
616 420
876 250
501 50
503 401
358 623
211 406
797 509
99 747
83 664
678 22
235 322
182 446
440 437
432 738
256 547
451 639
710 219
96 594
884 505
643 985
393 784
672 291
579 544
80 483
433 978
15 27
196 233
511 295
963 7
312 538
429 648
598 497
173 205
363 872
29 554
62 429
934 241
983 365
850 293
305 301
627 84
288 33
305 615
115 125
425 837
768 17
752 83
840 448
717 957
773 677
614 716
948 931
930 484
393 208
151 478
60 241
781 133
534 471
463 31
772 355
150 784
314 644
508 169
306 672
214 876
600 998
586 193
559 221
804 259
719 85
640 572
467 428
648 505
841 163
571 628
218 889
327 922
568 490
885 217
855 149
169 498
793 619
138 63
725 17
777 298
199 877
614 960
478 452
405 997
645 642
796 844
878 714
404 843
81 877
616 819
998 788
7 684
519 425
38 330
444 85
564 771
258 500
189 205
667 108
303 46
772 442
379 636
675 28
12 269
250 363
97 511
651 626
61 755
109 392
978 65
50 42
624 8
848 323
80 372
911 721
661 658
849 307
149 390
704 952
774 556
294 346
89 948
599 745
333 550
705 199
533 730
388 605
519 339
299 873
141 707
948 584
206 212
260 382
611 293
332 426
963 228
541 109
255 662
482 293
725 410
607 135
803 739
511 949
738 656
762 631
832 89
532 830
733 807
26 518
236 778
365 49
816 652
605 463
583 856
643 596
70 289
356 547
700 4
883 406
805 483
285 250
233 130
763 109
584 854
799 517
600 233
377 127
606 548
140 362
6 146
958 923
6 442
531 561
690 510
819 960
127 677
318 97
52 539
733 150
84 893
781 599
192 542
139 226
428 902
501 689
746 873
432 5
434 257
250 123
259 586
741 580
796 267
780 953
721 582
813 962
566 94
534 103
433 741
256 127
721 998
488 872
639 681
331 194
520 977
963 568
557 729
533 613
786 267
223 246
567 408
153 126
754 162
236 877
885 370
932 385
614 844
77 570
931 795
928 95
567 72
641 621
644 918
222 632
158 564
859 974
462 738
520 466
129 780
227 585
494 178
634 68
317 536
359 966
922 705
999 367
347 565
384 886
433 637
624 111
207 49
515 40
517 46
462 264
866 73
875 824
410 604
869 210
528 301
897 298
988 121
310 833
296 794
918 214
346 433
597 407
273 133
196 287
323 153
670 362
871 918
869 808
538 792
272 216
271 817
767 325
875 382
592 659
446 576
925 976
987 845
681 154
335 701
202 786
629 214
757 390
846 223
293 486
560 459
970 90
498 309
427 509
449 182
118 611
204 125
88 698
221 569
669 156
827 681
497 622
178 68
842 864
776 35
675 52
509 586
652 662
172 841
455 328
247 136
118 329
936 476
494 51
402 647
724 894
164 178
147 149
247 428
51 312
80 518
679 312
991 784
122 400
377 513
555 525
124 213
865 777
346 767
369 743
586 116
640 246
346 136
392 995
740 799
551 878
432 588
287 474
126 940
222 358
189 173
250 694
358 368
629 233
335 841
310 536
928 221
585 248
668 673
202 9
357 955
890 734
293 716
540 373
798 776
1 217
184 793
529 512
546 314
823 649
477 257
294 998
463 683
316 22
843 789
683 96
650 850
710 814
256 504
82 781
299 54
297 604
817 823
933 811
8 147
629 237
414 942
255 310
843 703
815 540
992 698
230 642
580 993
751 797
798 550
489 999
86 950
882 636
820 256
763 190
572 249
29 550
66 919
812 851
715 12
474 132
17 963
617 732
818 369
225 285
273 829
5 793
31 555
524 37
977 973
924 467
108 253
486 108
149 732
357 475
182 529
656 578
302 980
429 84
609 268
772 374
284 734
737 214
652 778
730 524
130 906
470 331
77 805
537 780
15 935
600 650
548 759
121 425
320 128
675 447
916 47
369 100
294 482
873 198
133 591
199 978
384 771
144 599
134 83
728 71
606 107
651 156
800 31
699 964
547 982
260 339
713 916
429 534
504 412
412 741
684 296
716 536
864 780
768 463
361 499
861 42
722 515
369 865
212 260
788 900
640 430
663 543
765 68
502 309
294 914
856 48
713 556
165 281
523 215
457 718
596 140
128 908
156 891
55 198
582 425
964 934
358 968
195 150
395 175
360 965
986 298
417 934
123 985
999 101
78 892
995 501
140 947
360 14
978 5
808 460
808 302
390 22
247 214
910 19
411 687
406 513
134 666
57 512
279 872
284 463
698 340
811 488
14 380
355 961
752 736
676 161
979 742
212 618
506 254
845 416
809 195
990 645
548 480
255 865
915 23
836 939
670 251
254 457
172 599
441 340
724 311
912 146
563 361
673 310
7 25
22 66
767 175
61 689
577 324
648 882
257 800
541 63
356 563
249 573
402 196
329 889
111 481
615 935
284 778
3 243
578 426
662 927
101 259
92 636
714 558
503 269
55 722
698 596
220 653
52 75
59 619
738 204
288 851
595 508
769 161
193 148
193 764
382 389
343 110
707 419
329 375
884 209
615 552
83 66
988 618
209 355
442 44
766 585
347 975
990 399
262 518
708 711
891 51
408 216
529 58
257 264
787 321
585 782
774 123
872 381
925 662
985 732
606 674
872 266
363 59
967 10
397 366
829 985
288 679
30 501
728 673
843 325
522 52
547 175
745 793
114 682
577 398
840 191
804 870
379 569
420 359
531 163
153 425
498 525
493 355
992 5
953 826
94 391
136 841
416 436
511 568
182 368
641 301
337 490
545 962
161 339
443 117
58 111
461 226
122 398
236 796
175 655
82 244
563 325
957 781
627 64
330 643
701 474
582 301
290 122
934 535
188 461
386 452
453 727
2 737
780 472
426 143
359 977
564 630
737 129
45 162
247 157
984 668
247 109
937 804
133 432
88 171
903 510
153 831
361 448
641 327
374 14
891 416
642 659
994 448
90 411
899 145
685 400
703 659
953 574
905 271
669 71
757 441
862 185
583 970
845 327
27 902
502 549
52 867
795 151
890 436
903 549
143 85
841 144
581 717
866 630
32 462
455 434
795 534
837 474
74 526
142 151
943 519
596 684
126 365
553 119
142 447
349 250
624 436
919 711
179 349
118 823
851 717
820 722
48 666
425 616
547 448
759 116
14 525
786 117
643 732
210 957
646 116
182 416
162 157
999 144
648 151
762 753
121 579
357 70
666 492
131 833
511 498
125 740
231 798
657 449
58 760
585 201
328 236
582 565
76 260
103 380
394 22
230 342
931 617
885 26
661 319
769 837
754 455
233 837
218 957
299 93
97 296
846 463
222 434
291 784
897 310
124 688
72 906
876 846
347 323
772 149
328 19
495 449
580 780
92 764
769 155
704 816
425 812
369 284
150 482
897 716
646 595
748 275
547 443
55 191
320 41
817 465
260 975
785 792
134 971
6 16
299 629
831 979
924 541
99 8
595 749
541 367
727 768
605 705
246 802
375 275
563 259
241 935
37 792
325 442
947 806
411 177
53 377
84 421
499 585
155 693
80 815
668 917
175 86
465 197
910 405
501 667
105 702
431 703
214 828
51 968
588 627
853 861
677 793
915 335
76 20
823 722
282 621
539 469
797 270
158 61
245 256
488 916
366 535
885 315
949 919
511 782
994 244
433 244
743 484
628 540
368 40
420 486
815 709
559 419
920 787
972 702
17 438
117 589
535 863
163 970
942 115
963 678
170 56
593 810
909 657
437 594
330 656
757 304
983 195
367 737
969 799
930 12
101 841
738 538
950 435
834 64
402 660
76 247
501 833
448 281
172 703
655 852
81 124
747 108
957 457
787 86
267 980
127 302
56 715
329 804
934 388
745 65
279 802
356 114
408 133
408 967
917 272
240 624
367 81
145 471
53 210
857 717
450 841
273 810
956 667
349 971
306 433
971 916
45 327
209 508
999 608
325 659
53 497
398 952
114 716
71 30
51 369
420 100
405 610
693 703
678 799
579 71
554 665
921 734
950 447
479 170
216 193
564 450
866 407
10 702
336 179
8 864
688 718
343 507
618 940
514 511
725 898
944 649
714 35
897 115
367 395
43 625
94 549
597 630
225 773
659 363
169 116
91 96
675 4
733 245
192 711
115 596
731 974
431 856
44 192
111 92
135 234
797 648
843 559
377 623
868 413
179 843
293 531
416 948
760 92
849 812
74 98
818 191
737 24
533 632
784 199
554 549
858 72
943 765
36 336
213 107
312 419
345 967
180 503
122 832
967 360
275 993
580 884
932 167
688 900
238 667
568 500
148 83
275 852
462 777
785 793
793 739
37 648
398 496
165 267
684 530
385 358
415 605
875 873
869 130
813 81
331 792
961 973
191 655
507 950
582 271
795 322
228 665
913 251
991 365
974 506
856 548
603 292
431 520
633 270
72 244
186 224
828 515
986 526
896 189
161 54
564 477
59 690
237 649
289 761
902 536
146 493
105 235
788 27
246 904
184 511
52 806
775 358
265 891
142 558
759 430
564 306
245 697
171 452
915 704
416 682
575 716
91 772
803 783
228 160
815 518
585 527
696 799
861 982
854 67
763 987
316 252
618 425
63 319
360 549
713 815
692 860
77 878
568 517
637 474
864 125
707 216
310 706
12 967
924 211
126 616
749 558
347 883
362 10
584 595
602 858
56 876
302 279
455 605
979 353
770 933
692 801
178 914
837 900
689 107
509 520
346 614
305 222
562 87
747 390
945 176
866 358
121 109
208 781
880 296
328 998
280 797
728 831
184 424
146 931
444 996
106 124
368 978
576 374
670 300
761 850
676 49
690 687
426 887
647 245
246 903
833 640
590 277
851 671
847 540
445 805
947 154
44 278
146 553
595 553
778 221
71 287
947 472
619 794
449 93
992 204
856 140
616 679
52 277
764 782
39 676
44 169
82 199
119 322
496 524
97 79
682 77
223 640
797 21
693 957
885 639
956 642
961 779
229 975
371 896
952 32
695 386
829 594
385 453
521 497
864 386
745 80
621 634
30 375
339 307
213 884
826 452
886 361
795 246
249 29
120 610
417 820
205 345
757 555
671 221
944 308
743 716
149 192
608 398
146 445
187 167
942 435
364 2
993 343
968 24
893 387
937 74
276 371
657 820
249 571
520 231
502 961
74 171
466 929
526 104
197 613
1000 239
737 531
723 555
396 201
273 655
494 616
279 732
187 210
419 548
677 37
703 870
988 187
637 342
294 704
276 644
126 294
104 421
893 782
288 328
409 310
331 454
841 778
139 566
949 702
205 133
473 821
290 206
376 730
503 772
943 523
106 768
208 956
21 249
28 827
222 211
258 908
508 148
47 13
817 377
255 393
812 274
443 250
610 952
762 262
859 634
608 474
975 735
109 506
413 448
627 973
598 513
790 36
977 41
80 783
808 62
409 785
407 174
87 954
399 572
256 937
244 31
924 323
290 450
363 860
854 702
234 479
119 22
677 760
130 876
332 539
607 271
138 241
417 289
400 837
456 324
862 258
602 938
529 399
992 977
580 589
299 55
420 843
694 98
645 149
988 196
844 95
470 966
730 861
454 539
762 692
303 268
482 485
859 765
809 552
758 701
629 36
37 231
524 804
460 493
548 194
770 267
1000 744
666 678
701 244
131 536
170 601
861 751
