5000 4000
42884
45055
74787
18472
56860
91726
24002
6902
63239
34992
13401
68883
16575
83966
77705
38468
52718
26366
69243
65944
3842
7800
78928
43593
52061
6373
60705
87759
49460
92622
16288
8696
54028
7426
43519
10888
15503
67520
34141
78742
2511
63894
47624
19086
64211
25328
57553
33280
51693
43148
99223
55534
50947
94503
15479
19359
875
76183
7118
66686
85156
39757
91733
39184
63534
35251
66423
79036
2771
16915
57777
21633
80808
5400
40718
61371
30728
14623
94650
82420
57770
10225
54306
25068
4727
69784
44426
21953
62318
67895
4990
47474
24003
96723
3009
87536
48325
85783
82924
51095
2697
40700
72728
99857
46100
29797
61227
93179
60771
55876
91950
18540
66100
62607
59959
87178
32390
20737
9130
11060
4983
30472
74885
28986
27194
77893
32873
75518
80027
15796
42965
82723
72848
32044
82579
35299
78192
43805
28477
38963
99681
20426
57502
82132
83033
33813
69310
31774
54549
78439
59185
59531
8910
34069
4868
52455
28313
37741
44325
24691
69888
3641
7414
42735
35684
89992
78033
13875
50149
22861
52837
49829
59639
26691
48312
59023
60503
17621
7148
15051
12412
66333
90933
21321
16753
95801
90128
61418
49893
50804
86108
19780
54444
9873
78867
90127
99865
73251
20353
50013
12464
89542
16193
72102
16232
64504
31124
93086
98477
38271
24488
10888
20955
15420
48560
54060
27572
38687
31829
77464
89490
17936
13596
60285
27809
92462
66763
44025
82064
87116
10389
94527
76657
42933
66628
9240
23788
14103
2325
22264
68726
26812
33151
89680
58583
81711
60091
86155
36749
91919
63618
42591
26207
77213
2875
70367
86026
69638
14391
68090
56753
41131
62616
49761
84063
45596
59000
24202
76050
61324
46466
44775
4487
95968
50807
63069
94030
10897
49223
30779
19168
12841
73369
45374
6405
92595
15740
92431
62232
46482
60520
35336
87612
39487
85096
88026
1434
60447
12227
77484
38122
75044
38610
42608
87364
89416
5677
81393
16665
54899
12171
35832
84091
1891
97557
90496
94486
29648
99278
73069
76129
76149
8405
80092
31987
9852
84469
33421
70299
13047
27256
8420
88091
65865
67380
91806
55281
73056
73198
88297
44306
85369
24128
44749
3611
38036
51596
98096
67683
50873
71165
43811
43373
95921
40254
75359
5772
24722
8779
92422
37768
52386
17194
42210
18251
84573
34015
89883
73980
7213
78179
34637
8933
18658
95737
12543
56693
47332
26991
24375
14556
98155
84537
57928
10427
24790
33287
16198
65863
58417
24972
3630
10803
42165
62192
45405
43089
12558
51639
33420
36122
29817
68056
45054
64826
63793
73949
37870
27476
939
62244
58384
15445
63132
16311
25871
4273
65949
58420
70135
24366
83391
90116
51520
41907
52307
13276
1347
81217
64914
34766
17338
11082
19174
78744
75907
99318
52692
13776
26793
69982
92371
85176
85426
71854
17839
27648
76126
83787
2419
46260
24504
2162
36375
92375
44068
5034
5650
45415
86250
86915
96532
19939
97996
15705
98682
73902
15022
67725
4029
41815
37706
12751
43342
39483
84604
77532
83482
60729
77671
85901
23340
2174
88062
59715
10901
48481
81100
32902
10247
83701
19817
6779
3639
34164
22483
2321
8066
37505
70045
28446
95671
24103
41197
55364
63585
42152
32896
47067
2881
10566
32967
26220
29091
37380
2286
56343
85860
99737
5597
96107
83437
25413
19237
87076
59576
41719
5748
83993
95575
92144
28791
7597
16246
86339
62961
79831
28490
12208
43249
47722
39125
92567
90294
84567
46298
8931
57262
32157
8668
62858
44615
92104
88270
63851
95531
64197
5570
1278
64542
17496
93422
93332
25093
9667
96022
4405
5849
40863
16612
65449
88585
72088
74367
95230
56654
20664
4160
13915
52821
12827
76772
13787
21283
81393
77638
16813
61942
99559
18091
26483
17054
11512
36166
58498
37530
32187
62902
59731
73049
95865
25179
77985
67952
99546
73214
40958
20209
93726
54872
89381
22904
47996
3168
44186
45740
80805
60999
7681
96715
95441
50515
13768
23304
3032
88618
60833
35218
51519
36915
24619
47384
62094
18955
15335
77991
8521
72644
14551
2246
27516
3932
41501
91863
23451
85687
53954
20607
63037
61635
17321
58477
28501
47440
81780
31533
36057
58964
83102
87576
95879
24072
51311
74324
43027
82997
68666
67899
55641
83216
70144
99508
3499
11644
91370
43301
13682
45323
63907
76718
23309
97579
51546
51810
45019
49677
99694
97427
8641
82795
1354
20871
6867
52664
11546
66245
35661
80211
34143
7653
79778
20638
7160
99629
48633
14881
42929
62315
76555
23188
55384
16216
20766
6930
68025
65784
56606
84070
79563
81598
66864
80916
18820
90082
33580
30365
72678
85592
26927
6820
9596
23057
27457
16755
39037
76090
47987
98317
54756
24541
21504
10139
40756
42270
33420
25132
24405
6378
9201
3967
4327
92417
1235
39499
98850
34814
69863
71528
36757
13142
78347
46352
52550
22156
79458
91586
14597
43796
89902
69352
68336
27758
95842
25444
70027
45614
50575
10783
68343
76128
31102
89021
84896
32336
28519
83745
83501
14734
71624
20257
27875
66323
82960
96776
4830
78769
4713
19426
22564
10966
5129
7251
38723
17322
32694
25101
79287
99621
35884
47629
92100
66985
36650
93347
15672
65168
93443
99172
79901
65067
35780
24127
47741
35091
37254
52570
13859
41966
71995
52774
52932
93475
76376
8006
10796
25422
33107
90083
25042
85342
37711
33493
68678
90712
26839
84349
72232
20281
83520
52132
1699
35651
92611
49439
70741
29864
2008
951
71830
90354
53724
41113
83828
30099
49118
94624
55520
98576
1058
96913
83917
55120
46757
68946
45832
73595
53294
18063
10228
53165
86546
28278
88815
79156
94069
75907
9020
96076
76857
97201
2782
30580
38313
86609
77031
3782
97584
48902
2358
98641
62167
2626
70113
8923
71572
15944
98870
41217
50358
25449
10734
53255
53726
15900
32411
47794
91807
57782
60222
68663
54982
79355
15595
93294
65963
92625
13427
79899
57878
15784
94891
20044
18410
65003
28967
6333
97298
44188
47549
64007
69636
58282
17262
39713
90534
66024
3859
82340
23805
64080
51002
78786
43434
66596
88431
25748
75572
18209
21998
33450
33993
16889
69845
68754
98243
15163
75086
95541
59350
38986
59547
45337
13620
93160
85050
4153
59183
88908
86492
82987
69339
53845
78124
29124
36793
82906
71223
28716
1115
93221
62165
51459
10109
48362
20212
8351
63524
11649
20243
39226
50634
96142
84562
80605
89301
69611
84757
48484
74870
87600
47822
44208
41445
42298
89683
94589
41555
60906
23304
59021
54126
1821
10479
80586
50182
47042
88936
30057
75042
25531
69282
42028
21672
70196
22632
27324
56158
23741
75807
31028
11340
39981
91587
69136
98630
81270
63724
40184
42175
87028
99205
96300
5200
26035
76885
55381
73077
82172
1789
64470
24054
71071
6497
45725
41266
29129
73049
13775
52869
65207
44802
80560
21539
36389
49696
20168
34010
29771
60352
76184
33150
75908
88835
38349
1942
82071
93729
91370
80594
95518
55840
4648
82940
78688
66724
40557
7816
56124
54331
77036
21331
15485
57596
59221
68225
7291
79389
2234
53413
56092
94769
86563
31999
99955
24911
50292
82025
34992
58014
78970
46861
30205
99969
46152
8892
66693
86708
33060
22816
57390
10095
60498
72874
67690
19719
41098
91332
15459
59683
44745
71550
54451
47659
19900
70757
72569
70191
52781
23912
44556
48103
70772
74760
48071
33275
4
31115
19982
33063
53931
93724
59509
30780
66597
27199
66850
24047
34882
82308
81
95978
70209
54532
43636
90108
25288
32557
76651
94421
72820
21206
58875
59944
12318
6945
93218
28673
54412
29552
61735
8342
23275
37595
55473
6223
81145
38675
30269
16027
20982
30350
28356
7543
1233
88344
97650
42872
37252
74300
53644
10071
95506
28870
70014
24175
35815
79584
52847
90226
9135
30933
14919
32409
68527
86743
38631
49672
25417
85252
82050
62751
15601
10405
70293
33185
15100
67942
92408
52351
58594
46052
78774
54099
74921
65139
78273
27087
44722
31119
33664
53856
78403
64934
86264
46929
68029
41247
96600
9797
26498
95001
72547
58450
21758
59191
91634
36857
43485
393
5560
2078
62796
84333
72528
54069
49471
67152
97507
94193
14622
31171
64400
93024
12456
50664
39952
96836
8262
52904
6633
34759
64256
95531
93208
86013
54722
1193
39222
14558
17937
44781
32987
80733
29113
5514
34801
94935
72665
32307
89127
3638
79829
69879
96661
8637
36894
52964
5472
45155
22219
12104
96265
86475
23987
5824
72487
78708
7016
28060
9617
41304
72840
42603
22036
1952
48116
56836
13239
37132
5495
18717
57121
1675
88595
53781
10311
25488
23096
32135
70642
45315
60590
66906
48141
84576
72729
36979
79635
96096
65039
89251
37400
37878
31853
75787
56182
96320
48975
69420
49803
54469
88136
6923
72495
76731
77055
82806
18570
151
31292
89212
61817
91881
72469
9957
76457
61550
46935
56091
73997
11973
61694
27748
66203
9898
3535
22384
6218
68861
8155
72372
39681
96290
79295
12175
89372
56349
11332
7942
72851
42623
13505
34667
34504
85973
44623
10960
63874
7910
83402
37871
36234
45095
65618
2436
54993
85504
41171
77562
54364
49325
49933
94044
45615
29227
22571
51338
1928
33902
59279
74778
76525
72783
9445
11028
58756
70419
38339
38981
94680
21740
76851
30914
83187
58821
49701
38179
60676
90872
32092
31392
40196
82024
25435
2162
27603
48005
53500
29530
98259
29130
20659
74783
1913
30103
85810
77020
16874
40500
16000
11553
62239
9203
42466
45425
84375
92167
99955
45050
99390
48398
76441
55937
30422
18228
58099
58024
82584
27950
3905
80842
73431
24563
71976
75343
71018
57785
68714
87891
14636
84714
15795
76875
10268
74613
38651
94642
66779
54958
56043
82520
3355
32484
38456
50128
67063
12906
24503
49646
57207
28407
46840
30638
69322
18815
5980
40339
92952
74694
44581
7587
75759
76727
84461
2378
51339
39464
97019
34469
94421
53061
16988
14127
1896
55444
64255
68958
84701
88757
18604
41908
33516
65443
72545
2837
609
94876
59527
93560
85921
20459
1147
78031
97185
1959
80408
48524
41422
77426
82992
52194
46839
16332
82673
48734
71775
46927
34044
56475
52035
68999
14734
85550
50793
87278
4738
51401
82154
80616
44961
84426
17426
62459
62457
14611
64417
42864
79486
22191
36642
78829
90736
83480
95160
73408
48565
83286
36686
98960
39761
88721
67958
54494
90622
18750
58124
11712
70151
56629
92327
15111
41054
26105
77569
3510
40715
58337
62726
36552
80527
99367
15380
71263
99198
10540
44670
64114
93825
97708
63074
49937
86428
31031
20783
93401
49781
95258
5112
36283
51886
13791
51393
9291
39895
45313
29153
96961
3649
91878
33512
528
91244
65243
71790
6793
92134
32811
87258
2311
46870
50331
68599
33297
97714
89381
43050
63846
990
64513
128
69227
94655
51520
78518
50901
13184
7670
64213
33184
15899
14076
33711
23494
79319
21852
30286
71452
71015
17543
90114
17884
84226
58713
67533
81939
64445
26934
45784
65435
91446
45911
34661
2453
13782
29530
53353
43317
53551
17566
76500
69449
31641
26563
92942
27311
64766
39579
15115
52132
57122
5228
86368
57699
63940
70252
39637
28385
97185
1772
93819
4982
47682
44831
7434
77815
90713
60787
21131
44263
94704
13982
13712
42696
40544
6653
70007
21662
46232
85121
73793
19705
6700
76512
77403
70640
46763
33391
15376
43947
35162
25546
48929
99195
70376
56362
77009
61088
33500
98139
21703
44555
28472
35414
87251
85368
58418
73609
7029
21001
75081
97173
57057
81780
73685
34459
68771
20447
84201
84146
64394
19362
9691
29674
18556
96419
2387
11916
57506
35887
10054
95560
96793
54878
30973
84043
40245
5743
74003
47273
43095
49083
60797
152
47215
34481
50962
15985
71280
35163
131
52025
70876
26173
98050
89432
22591
436
1347
96449
52674
27753
92008
49467
82630
39333
49861
39226
45075
23864
2850
4521
89298
63646
4672
52864
14479
55634
85201
85758
7148
1683
54134
78023
27855
52183
83806
50446
52618
1505
46894
5292
29257
55253
71110
28238
94585
37322
67463
56011
77537
70312
60532
66835
50309
81555
36050
64787
37188
21250
66896
60687
22932
21029
38710
50787
89563
38867
17584
42181
40371
64477
63824
85979
36081
51285
30568
30666
88606
98030
3028
66143
84693
63559
49329
51354
45114
85378
16140
98653
22980
99388
59340
45911
36768
14401
13049
26331
69619
30632
84863
9990
11460
65038
12320
47541
32674
42888
78206
21279
57269
81233
3773
41962
61144
69453
9667
6257
54831
42158
21261
94162
41545
96952
40072
78313
27704
69473
20995
97323
104
22209
23664
11564
87246
35983
59104
19919
78870
53661
57549
36139
34893
61322
94452
12388
30774
4118
18644
1956
62627
56257
96117
4172
53208
52541
98836
97264
22013
36182
10938
22116
58390
34601
50031
45635
86935
9134
81905
82157
62794
39453
34647
14039
17126
45450
26426
64252
65919
61422
82559
28545
17678
78676
32716
87237
47568
47903
852
85932
84084
11789
24399
42473
46389
74430
4459
49676
99915
86363
31832
79061
42168
82830
93099
75645
28279
35876
39896
94197
13649
22455
22741
47678
17482
71809
34915
81401
19711
52118
83684
3795
63907
8082
62619
26647
98863
67078
76322
98778
69792
24505
77838
28311
7334
87288
3956
35612
39515
60203
46160
53164
99009
85253
841
32842
57061
52107
30594
93123
4225
14277
13269
84483
22359
75888
11129
37573
42965
3803
36350
29108
28307
30539
57419
51993
34178
77726
87604
90045
37928
50116
43208
53289
35368
60400
86130
92428
28859
33076
1902
33083
47352
15171
33917
86062
91058
45045
23635
50374
48847
76336
79481
93506
6875
36899
45498
57404
14624
49453
47448
68904
99568
7007
22192
34935
83759
24673
43714
12617
57748
45616
62051
5100
60786
95967
7513
51843
41011
31147
2216
6210
7483
98048
99715
30709
34947
45212
4464
65922
94664
51912
34825
94232
75270
73368
45518
59028
98041
89232
87996
72140
51199
50046
93591
11984
46012
1104
80178
3375
48602
98745
25936
72436
96792
25650
3144
48090
87213
7608
14012
81876
75871
65188
92459
67492
38556
54329
42872
52948
43560
30867
25087
11110
80913
18678
39445
43276
36133
19622
63002
84734
34718
88937
57170
31509
30938
76665
95951
18150
624
9962
26
92846
75149
8836
60338
30056
63164
3209
83003
23075
50427
24442
34184
31339
59471
73628
90967
95603
9601
53968
96688
44318
42905
53857
92179
90194
30522
88129
8344
47497
14442
8369
40343
5942
33556
17032
35998
96720
36592
35352
36146
87018
59793
70330
18357
35615
60309
25675
31217
86262
79642
27905
30579
38898
98113
39109
29092
44986
27237
37435
92483
58030
62155
49177
63972
12062
66208
16321
25133
2799
51672
61279
89816
27817
47960
24524
63431
24620
66550
11000
10881
46192
38904
57812
1441
53368
96920
46884
98354
40509
670
90836
98538
79176
56364
62509
91238
22571
78829
32722
41721
46853
94000
47888
74669
58311
88764
54451
82931
55313
65450
10163
17856
20705
67974
35649
74073
64894
82532
72426
21754
99554
79613
20291
78729
35976
82800
86318
74898
77980
19040
16618
24832
29391
64505
15852
87702
69620
86655
86984
24933
52104
97146
42788
89161
65120
78436
63233
46365
77320
52010
68118
76873
47974
88408
71953
301
87559
74623
75198
81891
93662
8167
23074
39404
89023
38926
27105
58643
25580
14088
99927
94035
27586
42714
83195
92705
37502
62779
39069
31173
31140
23538
24397
79113
11945
12701
95765
15856
87323
87314
97746
97336
95480
20819
36740
855
76096
63844
59497
18027
94284
59423
28414
21869
18488
11608
30925
72341
90739
86345
19865
21878
9882
44261
17343
38178
73314
13107
54033
60636
16773
68130
57972
12252
5301
11063
13106
97748
74906
88954
15775
85541
64728
60540
23761
99568
88499
54685
71908
79237
41029
8125
17467
50910
52385
51161
5440
25698
80619
59472
2686
97391
43954
60657
25995
65606
71719
55452
63353
62976
44406
95479
64869
25485
56018
4981
25052
44517
59666
13312
40105
17046
21436
57571
84308
90172
8731
89747
32222
5702
65570
34907
3092
9523
11915
29086
91480
99985
84538
54833
79312
45295
50311
44180
87131
22681
49161
12183
67197
25178
41846
23653
58575
79633
81224
42882
69804
6306
48980
2025
28359
14550
53283
31451
40424
65197
76888
31904
81533
61425
3088
60845
23071
69750
21376
10202
92430
86888
38736
75978
12065
80581
99631
70640
60213
97206
29873
46368
19863
78853
64745
48222
9754
18027
79672
50177
99576
72911
98432
81108
34336
1519
41952
73758
71269
63328
83959
80050
66567
39046
56028
78632
19626
72010
65623
96190
69215
11847
42558
5429
90699
7302
53650
452
41680
49673
66981
41255
22584
81764
22363
73271
83283
80666
47028
70903
60345
47339
67304
26912
2736
23331
21895
22362
11692
3869
34903
97258
15715
93812
2687
6414
1113
56336
23217
59145
22361
6549
399
44944
88313
22761
34566
87947
3427
97945
75201
80123
61635
42504
7034
64371
82187
28928
3084
93878
32796
37986
7488
48511
31798
10174
71276
49262
82861
10844
8406
21573
33745
25157
66516
38409
47917
17433
26355
67695
15378
17907
47818
93364
60410
71203
57734
58948
16483
60817
69178
49278
15155
76665
14140
46952
3190
1767
12565
86050
28963
37323
7623
62707
62479
90490
1115
26747
24275
43821
94442
39652
61727
58611
49367
38488
46165
7101
97436
62647
67917
82965
28277
99423
59629
58768
62726
62818
60535
75291
65219
5849
12613
89193
68555
91443
96035
86021
18189
20309
29841
28982
76312
7919
87592
25678
46406
50109
32778
60193
12755
17047
43157
41031
16469
19137
99799
95547
98306
76685
70837
63525
82533
99801
69069
67439
91243
65103
53459
9431
1763
83299
38413
78074
7569
42356
20104
53974
92464
69233
30519
21571
86279
90027
62601
19100
9164
78751
14646
23821
71787
1834
3697
54319
1634
72766
21757
9228
54220
91567
18658
55983
91217
73422
50408
98785
32130
70511
69111
24593
39744
99629
62515
42374
89655
41468
77825
15170
20218
8822
38991
8357
10655
42687
62675
28640
31804
784
37867
86024
8702
72877
42006
99919
62650
92413
98703
94779
62924
84165
35724
19019
83793
98238
61392
89800
39705
39217
21321
76275
64390
76663
84631
75045
19350
63657
20036
67505
80792
57903
53528
89494
47131
11885
89412
9780
4298
4466
4559
83573
88631
40282
18943
88775
38519
80334
78574
94576
35902
16247
70850
292
92909
55480
91688
28610
19136
11723
96115
99928
85977
49642
5773
33107
61527
95184
59239
82176
16001
80149
82100
4631
20430
1042
93406
75300
81375
88331
69875
33629
20929
57076
33920
13838
12555
25607
42447
48043
37329
54913
64322
39658
4555
70094
72764
82433
81629
48354
64608
97629
28502
46707
18612
65283
47748
12017
40583
45474
16699
26809
79102
37628
237
13021
67817
29143
54979
26615
77185
8660
81528
57858
48317
2434
27951
37432
84866
25931
85786
49473
23560
30639
12531
42171
95922
76630
70539
52856
22103
3589
96016
17557
57568
96252
46929
25384
25395
1908
51999
18931
26919
33526
76789
75235
35959
21091
29018
37176
47022
31155
3000
86933
61794
15530
29103
57715
8511
15993
26922
46965
19581
22937
64521
77149
19189
11450
18884
44583
29709
70882
79865
56627
20759
56653
48213
73069
77744
77230
26596
41117
8385
29595
28049
70178
61476
73503
44244
69986
5847
71165
16951
25427
94101
97823
18927
29641
25624
37811
90575
71684
25044
70440
28310
62155
27092
92874
51575
21187
70104
78171
78655
94840
7765
6703
81369
69241
96557
25612
55578
2403
13128
88880
44182
23580
86703
79460
53221
28678
33622
43795
362
58666
14234
45023
37172
57678
37897
88746
95216
24352
66916
73871
19191
74681
96925
16911
60273
93482
58874
15850
12236
72001
4730
72769
95580
7784
52229
48800
36461
85850
8947
36822
60867
39532
98197
98038
13561
36093
86784
8777
76796
53699
82647
12338
44731
95923
29248
5003
89404
88121
37205
1640
60121
41934
90760
72052
66069
42988
37204
2529
45190
46150
55703
6056
2033
53899
20446
15594
6343
23581
24370
83138
77279
23368
11827
38362
19290
41074
59716
25046
45546
96920
43037
22018
55205
33796
94069
21273
93136
31272
23802
38325
93773
95856
60732
95806
66106
81177
11399
88800
4757
52120
88289
98388
91839
115
36749
27480
57540
12816
52525
3085
9736
11913
25102
64940
45709
19170
86213
38844
66794
26366
93520
60566
38573
54251
72723
4678
51780
84121
93477
56536
52592
98117
71275
60782
98231
24375
88262
55770
37191
57138
58854
46926
69051
307
28217
31111
19476
14429
86306
2621
57146
79825
63187
95718
50427
35909
16747
2206
36382
10223
75094
5325
24691
62720
66107
22921
87095
54368
95042
40637
27857
70247
3914
96907
70553
32130
44369
6381
46559
30674
9001
20056
26850
88539
15774
93629
40800
32520
12186
93533
59095
3631
98857
83785
66351
64963
23058
69797
35682
18099
10433
63539
88346
14346
76797
58898
62827
21166
81630
25737
68191
90631
45793
11393
95521
61566
21373
36320
10437
33558
29852
69531
37189
45061
69668
3539
10023
92725
89687
62057
27175
119
25595
15520
30816
18743
90770
93642
56260
72399
35731
40803
79381
81523
68547
74902
59440
89919
27573
69876
23476
57425
55759
77016
2485
25426
96906
28859
34502
86592
90915
61676
3062
32861
93548
50229
67956
84317
43871
24215
73067
95953
81369
68800
77475
49915
60053
36914
39833
87625
23141
79661
61401
78899
56676
80237
20676
53582
25448
55177
40173
32714
16853
59587
65575
10400
9815
49882
11068
70037
90448
486
65989
71817
85637
59815
21731
45689
96728
77916
33314
36221
57576
11066
15119
14251
91303
35795
84184
33102
7323
40709
65815
24175
295
47741
50926
10109
97622
78345
96498
88070
95183
62486
76238
80819
22301
97968
26508
35380
92235
76173
71600
49810
87238
3071
80413
94892
55217
64596
27993
62539
5304
93808
3066
21950
57900
70343
48411
55522
48688
44908
59943
43870
23745
36180
41040
62397
50499
67547
97777
42734
60071
85728
92543
63661
5150
72955
74904
76718
53903
2897
55609
75558
13056
58674
97508
70955
45368
62270
42828
10407
7177
2770
70628
47273
55301
11668
9670
5800
95566
7446
48533
55637
9525
57427
19297
31027
30382
10552
7744
636
13448
63352
76193
42855
38377
90052
30162
83745
52321
89341
94151
75849
92111
64779
23122
47411
92798
32791
69562
88363
56588
18094
43999
66112
75521
79647
97138
22254
90199
21234
39241
19998
84585
15433
79205
39314
21837
25718
23058
74157
15058
33560
66358
23520
14690
89479
87283
7487
38621
56844
95850
95208
91290
56200
77671
66810
52199
91161
5415
58749
12394
44655
95098
96978
76439
90654
36291
14627
16371
75700
88784
47781
9260
71493
71300
40301
77323
58582
47788
15943
31778
59989
11150
23067
16188
5172
6228
84738
96332
27994
43486
8725
72648
38584
5703
65438
29237
58345
80065
61960
34045
85200
9740
59656
56692
81039
16308
34014
55973
64095
66308
4102
40435
93809
27168
56623
98980
49747
41360
95312
77740
1198
4036
66739
39781
26090
32176
85369
84435
28592
63680
34831
13791
73419
10838
86834
70810
27145
37199
43134
7592
19858
47235
48026
13666
90754
21000
12646
40500
78712
7957
18239
79909
28344
84977
36041
54434
33504
37761
55220
62096
1441
90050
92238
74859
17239
95424
62020
60735
48974
5153
68326
68832
68739
32704
98849
59492
53703
11494
99991
32414
35802
34581
12322
64146
19557
64714
18579
69413
2475
73798
47860
3915
80199
40097
95125
97437
51872
57145
58171
17198
62297
42849
86029
31036
75552
84877
90527
29254
12723
6870
78020
48524
41450
6693
12669
77359
71407
47599
63123
73881
21396
10982
94147
1594
67430
89271
15382
19302
46415
73553
36499
8712
32753
38879
56099
8304
40107
62977
53909
52829
86198
31928
17705
44000
38621
30373
37710
26379
77972
832
259
15719
28165
94405
33665
95594
83675
49046
31247
46442
38950
67745
71505
71702
22975
27603
96357
63082
6931
50266
32262
93129
98545
49966
53480
37165
96691
91189
79895
74662
8372
80153
6732
36536
90909
40396
32129
90936
89442
63376
37377
28391
47472
25233
16445
70447
69187
12801
49880
76117
63066
98493
85597
61611
48459
55428
15127
45149
46616
95022
36162
54987
91526
42893
7874
98787
83289
40003
89722
72730
19730
43450
17472
83553
85034
50268
70351
54220
63069
20230
46688
42486
35075
48637
4096
83533
4064
35575
45033
50680
46948
81194
22018
38473
40438
46244
37259
23726
2598
43332
12807
22327
3133
46631
5879
88166
96898
76230
42385
59966
12811
5425
2452
47885
54061
22899
47769
58124
74825
92801
25155
21772
90346
63525
76597
30784
9768
30207
54509
12365
89891
83668
51043
93023
30298
56921
97541
27195
49502
56277
3513
78665
61701
22316
26549
15761
61566
90670
73885
36391
83470
15391
74514
73816
78915
67462
4599
88682
97669
75459
17398
3911
59126
68440
96933
5775
41713
10825
32970
7566
67102
52834
86230
28802
75149
29131
44563
36714
19800
34799
89456
19621
50189
80322
93436
45456
47783
14386
34137
61803
6197
67887
65713
65322
52678
78998
71097
94390
89822
20418
1956
56923
73251
4537
2077
64751
33667
62991
17816
69818
97789
23624
89439
64329
3945
99226
9784
68079
13612
60273
46234
36160
28159
11946
1481
80836
7295
88929
91578
97117
25698
9885
70391
15300
14421
72467
80050
48088
35457
14218
34257
33245
37841
23695
13926
58137
22921
23709
26215
52884
333
72448
89043
44843
746
6875
42031
8040
12156
33608
21508
37853
59844
91899
53153
74264
64365
33202
38703
99822
63771
72960
49418
1611
96654
63343
59747
35926
3404
2314
88809
20088
91113
94203
64931
91858
17430
6961
16250
29585
56920
37757
67437
16763
46007
36941
7378
10372
86495
46081
26545
50265
19040
75962
51876
32045
55657
27974
67971
75412
30287
73131
95499
21400
83686
60429
29609
1115
83741
62210
30699
57012
99967
14487
90126
45973
51428
97504
72696
37922
43584
99240
88186
78975
75202
56413
11019
47210
84387
95341
22621
14673
68472
18119
52424
52157
94900
82033
69623
94992
60594
321
68356
76912
31159
58481
39237
82586
55984
11932
36859
15919
11172
41397
94893
2725
97809
22264
66286
82195
17604
88906
13220
2427
23376
65643
70935
34627
64027
40557
29619
40973
57229
97974
17884
88388
56454
57120
87325
28790
69052
40536
44708
96575
81932
55953
15651
79740
78216
81936
78287
12171
87193
91506
30950
10568
73500
18236
45195
53879
75145
91165
94851
48725
5490
29086
53464
78295
86206
40789
7084
71609
81324
68144
68183
63255
40448
185
59346
35015
82120
37632
47185
69312
45489
94486
96231
35341
12722
57777
5571
4218
48941
16773
52942
70782
45858
6406
49077
32063
47194
72512
3671
44869
40655
88205
24475
81102
4741
172
16116
3212
54156
79653
88875
99644
90490
85106
51336
3211
42882
56906
7428
8175
73678
60370
78956
19536
83127
44384
67950
30320
16896
87973
91540
73902
76177
32366
55004
97270
32537
87471
481
86692
83475
89356
2688
73965
74461
54023
93527
33694
10929
17307
58220
958
94028
37176
20493
77154
81559
4795
23825
14806
92767
15364
88708
85295
47729
43711
82564
96617
47533
83045
83309
47360
72400
85996
21324
63212
56370
31202
96905
83650
48508
55125
84608
42535
8652
21452
36040
6562
26246
59864
21368
19012
75227
10075
4307
39307
70137
86870
52276
17669
86266
35584
65028
58665
37931
2703
21876
10652
33905
35133
94302
82412
90257
78909
41299
15260
16712
77338
21821
42958
37202
43188
78321
28780
53262
98979
84439
39750
2201
36714
57419
88466
88649
38798
47131
42931
57853
85358
53582
91757
20490
64235
90520
27098
43143
31818
42357
59855
25508
64178
19164
79061
23717
97484
24192
93331
12815
8630
33080
15015
61695
6850
3480
66695
62000
50610
25977
19852
52320
95911
11608
72809
60145
18479
99907
19640
50297
42263
95846
92156
22792
15009
71216
62861
28844
95407
72543
41658
20389
5622
73024
98435
28824
76504
65130
90823
43465
91106
10674
95784
87016
38633
68593
63513
57111
84851
83152
23759
43465
78997
15914
66257
94005
3481
45469
39200
15240
18011
97210
35628
39984
70233
34062
68807
46736
15543
59629
90201
23001
86654
2336
26368
25286
70928
89880
98749
55778
73031
22507
99243
52027
54773
81851
62383
58253
43671
17935
89844
61681
15144
25471
18016
1728
75885
86823
48464
7779
62803
55016
30779
65809
57351
57147
7446
44631
47026
6194
16760
20057
45053
32354
88435
99825
14204
50818
74429
74226
68752
64273
52258
247
89743
70274
1974
81979
73448
66789
89758
52602
38156
36888
18410
95507
94034
25856
56489
41060
48401
73248
77468
93453
5602
82254
93277
36157
33071
67706
26735
18174
31978
78992
34772
38072
49265
36746
36403
22712
19886
42512
75314
58042
79399
10075
69900
73433
52282
26388
30844
683
15987
24663
94135
37940
6916
3764
90449
56339
87821
17183
74512
19798
96174
25636
74221
61791
78733
10623
854
98618
53134
76167
56659
48885
2594
26558
22317
54875
69297
69512
55557
85284
94174
66044
39575
17441
69807
30023
73779
73979
47205
64643
93776
59731
90278
84348
21521
69010
11323
38726
83979
80808
31245
40638
29692
33838
83547
68360
88712
52844
37871
60621
54479
48396
43016
94053
65837
29174
40428
39615
3152
3984
20609
13279
63714
10886
97626
1586
96247
8948
56664
80226
6108
87908
37215
35799
21745
20761
4159
26808
89956
58381
87428
60786
6777
46795
54839
88965
75968
11618
44931
79119
15601
65540
92397
95667
92777
6375
13604
89024
31674
70267
85601
37781
58174
39167
89932
96270
59927
10442
23078
66235
68822
26857
27020
91950
73652
98210
80914
65971
9827
25845
45090
41780
91384
53838
37446
512
76564
67401
5887
8238
37668
91487
62370
12193
30653
52301
8463
6932
79094
31540
89518
47916
58396
32889
39865
48399
31099
37131
14370
57277
62975
75811
99056
70710
29648
52853
71221
6212
20254
77108
30801
57921
84946
9522
70113
31951
61823
94927
55234
57268
26466
61103
5183
1214
93991
61400
65964
25089
98530
80333
98718
77856
56143
97773
64917
2143
50626
52489
24706
87231
45948
71858
45151
47246
81379
31615
79196
59553
26542
50781
16821
69359
11883
38355
70572
5873
99754
36536
47314
14635
33220
46031
8842
5715
60155
90110
7857
10780
42599
48914
98010
4898
20771
59512
52143
2149
7479
47690
61702
34020
14822
78522
19730
26704
16876
6654
48929
32982
43189
96242
63968
92760
58624
72810
98474
18778
62919
6330
45910
21869
55243
60271
26767
76013
19783
95261
94514
43613
59303
56215
93984
74124
51088
13713
17180
84315
20366
66108
33648
79906
78701
97616
72666
53676
86777
71139
72453
66047
77469
18362
87916
49063
78633
31034
41428
14767
42646
35941
58379
1948
8507
68714
92424
75946
82426
9603
76612
2792
92062
10260
99049
70762
24227
71714
24437
11003
42853
13241
93401
36673
47955
81316
2087
26587
28701
43514
57705
87699
95806
32435
89646
20664
1148
82069
12961
99925
8023
89573
19068
84
16184
18117
87197
56762
89830
27985
84116
49034
41226
77516
85706
89180
75184
4145
32118
3884
64010
89822
91582
76168
38608
97580
96831
56107
96000
9792
56031
4023
15716
75099
4106
31899
93215
7655
5012
83044
35639
89127
48430
76864
66642
50487
66043
41825
54631
14512
62061
18641
20685
69994
94808
59292
67573
7990
31750
63573
17781
87781
83947
49848
62879
4404
98098
72445
12058
3109
71840
47697
92235
20269
24560
58877
70756
6955
17053
25386
37818
79113
60378
58503
49107
55185
34146
33031
63175
65896
96603
97307
53676
96901
47155
32906
1305
45252
5350
13362
64713
93541
61058
56947
13810
1970
32175
84565
8924
49228
26302
46741
28340
86680
21595
93798
58216
55741
26829
37742
21636
39783
51401
91663
36684
98555
24568
37988
60158
46269
51349
41222
39809
28759
98169
69970
30728
30343
54534
56003
79570
97188
19095
24262
83867
40690
990 3154
4816 3369
1142 4322
1261 3180
3258 4396
2250 2881
1870 1235
2529 4284
1091 3993
2418 2356
4047 338
2227 4630
2998 2932
4768 2265
2256 1177
4825 3896
4654 3108
1853 4831
3673 1197
4555 4715
78 1706
2863 2125
2485 3057
975 871
3974 3575
1591 1648
4152 256
3477 4844
1232 542
1654 2586
3895 2841
2366 2557
286 1372
4268 3207
1457 1927
3716 1099
412 4277
3333 4661
878 4943
2944 1969
3775 1135
4568 1925
2110 4071
500 3925
4416 764
2634 3777
869 603
2820 864
3840 282
2131 1753
2130 2938
2550 4040
4167 374
641 205
1748 2249
3574 3011
2704 1239
3992 447
1020 2433
3243 2848
2805 644
4740 4551
1403 3016
4398 2180
472 2568
3019 1176
4761 1455
719 4959
1773 1489
3935 3454
3315 883
4391 3666
829 2635
84 4846
2447 2834
3791 1243
464 1084
4943 314
2199 4192
461 4586
1356 2987
1155 630
3569 1833
593 1018
4628 4521
4388 1112
798 1407
606 573
4427 1429
2635 2625
1171 3464
515 1725
3872 3914
2005 1337
265 441
3519 4578
3871 1859
4779 2779
4397 925
1893 387
3895 4189
4505 1919
3703 1529
2 1568
3587 2219
2816 4050
2816 1400
3760 1980
499 330
150 2006
3946 1349
4345 3885
605 732
3631 3161
4046 4722
956 4051
3741 4531
3564 1153
383 3038
1995 2441
48 3439
3545 485
2600 4079
1920 594
2002 2454
3660 410
2650 4000
259 2232
3588 1162
3597 1115
4835 3920
4692 390
4754 4382
3293 3326
3553 1604
2390 2874
153 4907
4472 646
1467 84
4450 4469
1488 2993
1369 27
1399 1158
140 150
2497 1146
2334 3254
64 2756
2760 2240
4376 2523
3927 3705
3279 1280
4021 880
2970 1467
1292 3017
1984 3913
1753 1320
4050 4496
160 227
343 3162
4731 3169
2352 4185
3507 4270
2700 536
2779 75
1247 824
4696 4414
1821 3586
2812 1543
204 2431
4543 670
1887 4683
776 539
4561 4457
138 4394
2223 1871
3438 284
75 1981
106 2424
584 3308
3152 1839
414 927
2900 4882
3627 316
1334 3265
3768 763
2894 2183
903 3559
4209 4333
4101 2343
4465 3721
932 3555
4976 890
29 1148
552 2211
3164 1406
4457 823
3287 706
4349 138
4555 4858
3593 519
1503 43
3645 4960
2624 4605
622 3108
3810 2027
879 1003
1860 404
3844 194
2749 4235
4295 3691
3086 3926
2511 2862
141 1089
3080 1702
2358 4975
866 2873
509 1631
2575 4425
4566 813
308 19
3104 2526
4761 3800
1123 4716
1808 1901
2148 1900
1932 519
3679 235
2238 1860
1566 4243
4559 843
2252 3010
2032 3159
3861 3324
3008 142
4276 12
997 2132
1011 2719
168 1491
1724 3060
2847 4793
426 3063
289 2424
2705 1893
3414 4695
3976 1549
3575 3978
832 2617
2007 883
115 4950
1545 78
9 2826
4501 2356
1396 4367
2176 3642
2516 3138
4362 4963
3193 1443
3382 1667
447 369
229 303
981 932
2831 3011
3024 3583
311 437
4108 2437
3369 2273
57 2880
3775 295
1698 4801
1933 2409
4700 4845
1779 1841
543 3621
1287 2204
4491 4218
4120 550
4870 114
3185 3521
4956 1806
948 4889
704 2788
3875 2712
3774 2730
544 1844
2223 4341
2715 985
2805 4396
910 2248
293 1119
3889 3169
3530 2700
3082 3466
2896 2290
4981 1055
4852 3383
1063 2448
25 3024
3127 361
1955 4959
2588 928
1087 2670
2365 325
180 1755
4936 1792
3502 1413
3933 53
4961 568
2427 2144
3104 3971
1499 721
968 332
2875 1535
3773 667
4947 251
2047 2066
543 3091
2595 2334
837 148
4607 1133
966 1408
4620 1997
4650 2757
944 2060
3704 4072
2434 2055
582 4289
4937 3910
4546 3218
844 1070
3673 373
100 4803
4637 129
2520 905
4159 3552
237 3453
2169 2798
3898 896
3278 834
3095 2002
1699 800
4613 3533
417 2138
1964 792
4996 115
596 3036
3647 4059
3260 1731
1509 2259
4359 1583
1107 3178
1264 780
53 1520
2852 2333
1870 3006
4836 2094
4222 4742
3549 744
3517 2264
3020 559
2831 828
4847 3092
1040 1269
2539 933
2144 2474
3487 2772
3741 4122
2423 247
3841 2601
3665 1696
3877 1812
4753 566
4263 4097
3538 3878
119 4817
3935 4214
2737 4703
505 4825
3247 3353
1759 2363
4032 4535
2154 2873
109 4288
646 2811
1069 986
4989 674
4619 4177
2162 205
3438 1628
4415 3649
329 344
2964 4337
3663 2399
1549 1030
4736 3852
1694 1756
4153 3004
1648 1592
3551 3031
1779 4991
2194 2318
1933 4836
2993 1719
2849 2468
2135 3658
1382 1383
3540 4379
1231 2690
4709 4895
1490 2648
2513 3911
2944 1465
217 4677
2087 345
4079 3005
218 2344
3135 4877
4317 442
3008 170
3781 2405
816 469
3085 2318
85 1077
4965 2370
458 3339
4712 1792
3245 3029
742 2547
1125 4064
715 282
1419 3667
2169 3974
814 4008
1076 1624
3419 3604
896 3742
2389 1675
3337 2685
1628 786
2629 2679
3270 4148
2514 3573
2074 701
1758 1879
2949 1912
3216 2735
1047 4878
3869 3940
1299 3448
1431 3514
2197 3160
2412 2733
2264 2244
1048 4251
4084 1964
490 502
1517 4623
1245 3907
3846 1940
2198 2143
365 3892
3868 1695
2769 888
2127 1665
3516 4562
2636 1112
1606 2235
814 1410
3704 4847
4262 2672
2534 1777
4354 3601
3621 4126
3819 3109
1495 4959
2445 2925
1519 4727
4190 4593
2953 2717
3847 4242
2998 963
401 4620
780 3546
658 4110
679 3158
3860 915
1128 2650
2432 2754
1950 2799
850 1947
1384 389
3609 3748
522 1176
2813 4636
1612 4350
3454 4240
2532 195
4709 511
3449 3685
4667 2170
787 3978
2711 2393
285 4956
3891 694
2266 4439
2576 4112
4153 3562
1437 3744
2963 2850
1357 2123
1532 3352
3268 4955
671 4354
1461 565
1925 2231
4488 4430
2877 336
2471 3747
3637 4617
3466 4036
2774 902
4544 376
3808 4536
3615 469
2072 328
3012 2676
2848 63
2797 2867
4940 35
4563 1944
2587 2727
4292 3294
4707 2491
2535 3607
1265 3801
3279 3026
4188 1092
4287 981
4660 4886
4432 2433
3623 452
3690 2919
1469 838
3407 3718
2696 4143
4054 3167
1046 569
2314 2112
4255 2984
885 3504
3715 3736
559 582
3844 4045
2914 4507
1341 2132
986 2873
22 4071
4054 4332
3201 2081
1233 4226
2528 4238
1843 843
3764 209
2864 411
3624 3149
1679 1936
1464 4417
3611 490
1525 4022
77 565
77 4106
4029 1579
3465 2972
1794 648
223 1496
679 1161
3312 1812
31 111
2187 3659
4333 449
1784 4851
529 1880
2178 3185
3540 986
561 4897
4324 547
3944 4822
3489 2744
525 3519
4717 327
1348 1006
2035 2472
4058 2581
4445 1364
1787 4687
1012 2538
2352 178
1495 94
3769 3823
4098 2006
4283 3082
3182 2983
746 102
3791 1089
3228 4819
3312 2713
4525 4142
4459 1935
305 1765
4709 2905
2717 1814
1860 340
417 1285
1398 3254
3889 1075
3062 1452
2603 1109
1586 35
877 3263
3839 4038
674 1137
817 563
2090 2640
2573 445
405 546
2940 747
3786 4704
4869 4418
3110 2855
3543 2659
1173 3960
1808 1327
392 1944
4680 4077
296 851
1354 3494
14 2722
3073 3293
2570 372
4259 3539
3163 2340
1005 4030
4651 2973
4498 2381
31 3076
1127 2260
857 1183
1959 3731
2710 3374
4625 2464
2019 1846
4579 3804
2695 402
3554 541
3812 4894
1307 2836
3552 412
4171 1446
1427 605
77 1078
3076 3123
3109 750
1206 4895
4454 239
1465 503
3859 28
2975 2234
2833 2600
1303 427
622 1345
4062 1837
4374 1598
1193 1459
1807 5
1074 699
1475 4012
4312 4033
4731 4016
706 2866
4378 3759
1467 2880
1527 1513
3582 1996
4239 3145
135 4704
2336 4419
1998 647
2655 3675
3051 4517
3141 4386
553 2998
1109 2384
4189 1549
3396 2490
2103 2213
1104 366
768 874
908 2227
1552 4007
2009 1856
2439 582
752 2585
1819 843
4746 1712
45 407
3258 3644
2645 4677
3239 4302
4467 1834
684 3220
693 996
2518 3252
3208 4005
3356 2325
4121 1954
2573 4203
3325 3353
1651 4695
3101 4195
2698 2184
1758 4428
1804 4369
2900 110
3874 4345
4425 4157
1003 315
1602 1998
1935 3975
2236 1799
2160 4203
1883 3515
4607 3337
933 7
3133 2704
781 1569
103 794
4557 172
3763 2520
2343 4957
2313 2269
3361 4970
2676 4854
250 3133
2219 2443
2164 829
1182 2023
2629 1581
840 2012
676 4628
3171 3180
2573 1960
3026 1854
4373 359
4026 4468
2053 59
2639 2594
340 588
2063 4298
1797 1459
279 4732
4109 631
2089 4581
686 3703
1376 3901
200 1640
2829 2887
943 130
944 3140
736 3568
2415 66
3151 4824
3140 246
399 833
2204 3838
611 2861
2570 4318
3423 240
1012 3758
866 246
2104 2403
4322 852
1810 1330
4021 3217
2751 2307
4242 1193
451 882
3670 2924
3660 1763
4254 2727
196 2964
3345 3617
4768 3190
1078 2495
2759 1945
4902 1591
3960 2428
1038 3084
390 4487
2048 967
402 1441
4230 302
4867 442
2588 3248
2580 1245
1335 4704
3500 933
4034 1393
550 3685
1162 4009
4258 4789
1631 389
2151 50
989 3902
3849 1583
3481 579
2386 3375
4739 2839
4589 3345
4601 3704
3131 3528
2522 4568
3486 2815
3083 296
3499 3262
2917 3601
1176 3933
3571 1879
3229 3008
4652 754
2128 2330
573 4046
347 1614
340 2138
3454 3523
2495 3238
4758 545
2183 3262
198 4385
4736 2041
4004 4976
3348 3431
2511 4637
4923 2910
1818 508
2645 3193
89 1227
2813 351
272 2826
1649 2755
2179 1409
922 3952
3599 2992
1733 2531
4492 1960
2280 2579
4455 1135
120 1600
4509 360
4121 332
1249 1955
1417 1888
1514 2713
2015 3574
85 2762
487 3741
2896 2127
2386 1587
3098 4770
4726 2990
3009 2321
4967 4996
733 4315
1354 3961
3814 2093
3892 2038
2467 1501
2780 3428
2728 4145
2582 1623
3736 1957
1404 4601
2152 4429
4213 1176
437 4834
4132 3678
4126 2240
3716 3491
326 1487
1766 456
1775 1142
1191 4947
4626 1018
3015 4707
669 2888
3667 3796
4804 2917
3911 4339
1818 4927
3165 961
1616 4968
4884 205
2596 3816
1665 3460
2435 4414
3759 2354
2927 4038
1671 2396
1907 969
1193 1629
4899 4295
652 1541
3695 911
3550 414
1193 3993
4708 1758
1038 3728
4848 2857
1024 1549
4484 2582
3936 2899
3013 2912
1973 1362
241 964
2765 4565
1224 783
3131 1572
1611 1521
2092 3829
3265 3320
4130 1763
4127 603
1871 4607
2520 2299
3830 1804
3070 1953
929 4166
3901 112
3503 1276
3357 3481
4006 1684
3594 147
853 3059
1973 2766
4893 2381
3671 4062
3742 3309
3192 4169
1656 726
1874 1714
153 2213
757 273
3099 2800
2795 3158
73 2064
3611 216
3121 3258
631 3943
1387 1251
2724 3384
4510 3209
1836 2640
3632 4073
1905 1914
3357 29
3221 4207
348 3405
4803 4670
4137 149
1221 2978
4207 537
1755 2137
3113 4559
4002 4341
3956 3288
4053 2003
2175 3462
384 4548
2291 1835
2432 366
4971 2833
2872 611
1644 3670
2735 3619
395 4239
3223 3167
2626 1815
2048 1331
1573 2106
1666 4161
3994 4759
1132 4027
4329 4402
4610 210
2596 4697
879 1511
4916 3494
2970 474
631 3118
4629 1495
4139 2220
1778 1231
2596 4674
4586 324
1508 512
4467 1321
1050 3359
2286 2593
844 147
4503 252
442 4301
2387 4043
4164 4486
3702 3504
4826 4668
3397 2381
3617 4233
3844 1908
1320 3927
4867 292
3068 1313
2315 4237
374 2659
4383 1717
1651 3921
2823 3143
1000 162
1884 1717
3168 242
292 127
3585 4419
2755 2124
3047 1274
3596 1328
841 4195
1836 2776
4285 593
3831 665
4804 3897
1061 659
817 4223
3622 4761
1609 519
2029 1852
4990 4834
3578 102
4585 425
3423 3210
4841 4623
1506 4441
1706 3524
3166 2261
2332 2372
2528 4233
3036 488
2895 1087
453 1958
1188 4473
639 523
3274 3774
4238 1447
4925 1025
2157 1404
4925 105
1828 3772
3768 978
4985 2189
4754 3983
2641 3493
4476 1983
2104 2365
44 4142
311 3991
2186 304
2023 1963
4523 526
4375 1951
963 1947
2318 4810
4618 1481
710 205
633 4788
4687 3143
1217 2410
2367 3060
4056 3998
2933 2755
2960 260
4847 3746
3989 4969
731 2216
2049 2955
1782 2406
3452 918
1118 3256
4977 3726
1022 946
2266 2455
4853 4622
1744 3063
2694 2332
4609 2020
3999 4615
1109 3027
3030 945
2931 3762
3155 2783
244 3541
353 4842
2456 2127
1207 2993
2047 3639
3670 3599
4184 3742
1099 4345
3634 3404
4479 4775
285 2014
2887 3077
501 2002
1187 1462
3361 2663
168 1789
249 1085
4239 2828
117 740
1290 1817
2487 1975
1839 2905
4279 1658
1373 3882
4372 4691
1935 402
3592 315
1632 3807
2681 149
157 2828
3791 4378
1423 2808
2294 3363
4560 3334
3477 2250
1559 1161
1589 3742
3783 4158
2144 3390
473 1997
1242 2863
4164 1450
760 2835
69 1250
4923 4243
3326 2033
2695 2682
3457 3182
1485 3092
3215 2436
82 1153
4098 3073
2534 1109
3959 4192
3722 3727
837 1106
2716 165
4605 292
3228 3644
1111 3715
1177 4053
638 1974
183 487
433 4852
403 3963
4583 4473
3943 4773
1453 1485
940 892
1253 2681
885 3253
2179 1695
2430 586
2971 4752
138 2600
2338 454
3845 4029
452 3226
4805 1475
4222 3397
3982 2200
1586 3795
4394 705
4947 3523
2489 2389
595 1151
2451 4953
3985 3259
2547 996
1878 536
2889 3285
1786 238
3417 680
1376 3696
2441 4384
2724 4484
3968 3498
4288 3588
1334 1570
344 2552
4906 1351
4166 2723
272 2687
4122 4816
1043 2065
902 2181
4547 817
4788 1411
2809 1671
1748 3875
1399 2735
4241 849
2671 501
2636 2212
854 3673
1136 4115
1201 4760
4298 360
4120 1115
3214 4287
2543 460
4009 612
2012 2521
4532 3439
836 2085
4321 4382
4407 1536
3482 2335
1940 792
2707 3655
1294 2072
2392 4200
3945 1152
1114 244
1702 1284
319 1380
2256 3595
2589 574
2431 4485
4132 843
389 48
414 3723
752 3530
2288 815
515 4436
325 3830
2253 4161
4890 4085
2703 4354
4396 2185
4370 2829
185 2765
34 4843
3262 1770
200 3105
2039 2443
3888 2700
4485 4693
4491 4278
412 2790
2688 2577
3405 2863
4709 4880
1880 1249
4152 2067
3583 3002
4798 3879
2059 2293
2223 1365
664 3286
2619 4860
872 4448
3378 2483
1149 3317
454 4696
4013 4020
4557 1138
4664 3025
3147 2933
4506 4502
2403 4605
3555 2898
3520 4162
2356 2232
2826 461
4081 942
900 4497
4429 2705
4952 1138
1973 2743
4239 2358
3385 2813
3604 1095
4812 1596
4017 561
4392 856
2286 1466
1641 1032
4592 914
1744 381
3397 1673
3922 4760
119 4026
2461 2184
4911 2690
220 3259
4283 3466
4666 800
393 4475
4551 4549
3160 4171
1771 1510
2408 3998
4573 2911
225 4536
3163 887
3220 2121
2640 4843
3657 2080
4012 1289
4805 327
2276 1201
6 4117
4358 3984
3212 4823
1272 1930
591 3084
1294 2725
724 171
3181 4333
1486 4096
2136 698
3281 691
4262 132
1438 2920
1230 538
3836 1998
2988 1948
580 2439
2349 2221
583 3700
4684 1824
3704 498
3367 3540
2493 3567
1070 4321
3745 1144
2788 3864
3791 3321
1746 754
4319 599
1789 2719
2510 24
2423 980
907 4980
2520 806
1027 3557
3089 4094
2034 2316
1858 4152
539 4727
1999 1408
4986 1571
1309 1809
1258 4659
4503 4359
2933 4134
4731 2774
4109 139
765 903
4771 5
2923 965
1693 2946
560 125
1751 1799
806 1612
4354 4061
1522 23
948 566
3838 3178
911 3148
3831 3101
167 2196
2137 676
1606 979
3689 2654
2410 1395
3331 4104
1929 3610
3117 36
918 3333
2940 1394
4880 4750
1261 4610
2725 4628
1257 4194
4839 2718
1612 771
1757 3600
193 271
701 3491
2349 104
523 781
3721 3388
431 4698
3315 1482
1753 660
4389 3481
2462 1212
2467 1191
2480 3187
2759 3837
3305 4297
1622 1260
863 2009
1704 3752
1448 3853
2614 4958
2133 1541
33 4028
2338 4922
3688 4092
2854 2159
4624 3376
4344 3263
3724 1853
3200 2340
622 4656
1432 2964
889 1854
952 3035
490 1275
984 3994
4941 1729
2665 1901
628 214
3950 3385
3033 1572
2657 3325
864 3803
69 4311
4142 4143
1802 3406
561 240
2823 4461
1571 4650
3637 2108
3574 766
2599 1322
2985 2750
1518 2556
3012 235
1921 895
4678 3646
4018 922
3505 826
4867 632
2823 2588
1472 956
2632 4457
3589 3615
1553 2839
4463 64
4912 4056
2476 2698
965 374
4944 2942
3433 4802
308 1094
664 2114
2283 1618
3017 3075
4023 3343
3622 3388
75 3965
4911 71
2183 3376
3702 1019
90 2775
2053 3337
289 3877
887 2175
1270 2541
347 2079
548 2265
3136 1653
2497 3018
1541 3402
3563 2614
230 1655
709 4452
4353 2280
729 1634
13 443
526 49
4293 1173
3554 2791
3919 3045
4320 1050
4218 1034
36 4373
1948 4812
2225 3456
2637 2240
3700 3404
3797 2467
3232 3355
2357 5
2184 4847
2764 604
3343 996
198 4409
2642 3377
2440 3845
2964 2573
4863 317
2936 1140
521 2701
2170 2518
38 4344
2160 163
4307 2097
4979 3202
1894 619
548 4768
3829 3334
4724 4359
887 1939
2698 392
1405 3771
1738 2918
1031 3713
392 4625
2550 4106
2124 3347
656 346
250 4339
1872 1552
2634 3906
1592 667
2805 4914
339 1355
2000 702
3869 4058
1573 952
380 635
579 485
3905 3447
4994 2594
1607 3938
4618 2068
2648 279
2687 324
3713 1237
2900 3741
1587 4798
2923 1030
3659 1582
1388 492
3323 745
3590 2087
4496 473
4564 4382
2002 3380
3055 3040
2525 166
3440 1452
3399 2817
1087 1211
1461 484
2534 2590
3119 3459
4378 1161
1597 1070
2766 874
1495 1643
2151 3664
774 3729
4268 3378
398 4605
1387 4245
4527 3814
4135 677
3387 2472
3933 151
4570 84
197 1313
4116 144
1850 4756
3156 4627
525 4843
11 3131
2497 1788
2503 715
361 4876
157 169
891 4467
454 538
1256 4578
4394 4235
1247 1916
867 1263
1441 81
2856 910
2317 4018
3383 3053
1798 4021
1420 2680
4598 1685
876 401
3760 4634
4590 859
383 1696
3701 3422
2927 2243
1416 1645
3234 617
4956 1608
1087 674
4249 4934
4331 4374
1114 4620
2131 1967
3027 572
1366 261
570 1413
726 3902
414 4148
2403 3920
3536 3163
3908 800
3032 3890
888 2217
3189 4161
1627 2359
4275 3206
4654 3325
220 3985
1113 170
3462 512
4937 146
2156 4347
2111 3504
3924 3383
3420 4698
3610 481
2069 2721
4856 1179
1723 918
618 3366
1701 4790
1509 3765
439 3782
3365 627
1247 3275
1019 619
1832 2265
2945 3906
3619 1303
18 2541
3810 2369
3298 2913
2966 2184
4626 1844
2775 4856
355 2028
147 3983
3211 4243
2198 2355
1679 1980
143 2565
904 4861
44 4067
827 4873
2528 1743
1636 415
896 4421
1626 4403
3287 3137
3347 3127
1794 3327
47 2232
4271 3668
4039 486
4391 4569
2212 32
854 3944
3203 1986
3296 1113
1984 502
1143 4883
280 555
4343 3494
3858 178
585 2736
2308 2370
3009 3013
4279 328
1738 1252
588 982
4675 4632
1978 4147
4102 4174
4430 2523
4247 3090
8 1830
1213 1674
3293 531
2903 4647
2018 511
4823 87
4019 101
3161 205
3511 685
3288 1954
2790 3655
614 162
4552 2088
3472 940
601 560
3635 3129
3661 2313
4417 4592
565 1078
4169 3836
433 2617
2841 1030
579 3279
1451 55
3232 783
1433 2087
3406 373
2010 3825
3054 2461
4650 4240
2074 1083
1677 2105
4327 381
2899 4720
3502 2909
4702 2025
1353 227
4838 2251
2584 870
506 1199
4555 29
3411 2991
2320 3121
3158 4344
4566 2576
2716 432
4378 441
1106 3288
580 1214
2235 3032
3230 2635
3869 2703
1158 2833
1659 3860
2644 648
2797 2920
188 52
962 1875
495 3529
1413 4423
3879 3864
189 994
1745 3498
2011 4480
58 4546
1360 1940
3242 1711
4418 2742
207 2107
4872 2214
1688 4562
1322 349
73 3680
4923 807
2338 2598
1816 1599
510 503
3132 3289
3549 4332
4035 4177
1996 1218
1837 3190
3234 878
176 4299
600 1993
4759 4990
2077 1309
268 382
295 3044
527 3274
2305 1222
3132 2562
561 855
1897 4514
2452 2865
2187 3822
1932 3386
783 3631
2940 4497
1853 1817
2775 553
4726 3936
2496 588
1160 3365
3588 4009
3826 2983
2624 292
584 2587
1415 2357
3277 1584
383 3671
4879 2606
1185 2156
826 2877
2266 4034
1705 4314
3444 3619
1834 2197
3784 4065
3653 737
4902 3116
737 4447
4611 3329
1 155
3997 3809
2884 1000
341 2517
674 4181
1840 2996
4855 113
3500 1105
712 4565
1380 490
1903 3002
255 4308
3356 1462
4114 2468
1467 3087
1820 3394
2515 275
4968 38
1120 664
2327 1752
1798 3410
4957 3745
3268 2579
1478 2213
2045 4129
4685 73
1026 3441
1146 3443
1221 4388
4528 2026
2751 3090
4373 3030
3954 3239
4456 3880
4033 4336
1102 3750
2238 3897
2339 4297
521 2306
1560 1948
2046 554
3740 246
2311 4174
4316 2106
3254 2688
3000 3014
4078 4393
957 4568
446 1642
1043 3287
4127 2423
2184 4072
4794 2970
273 558
4987 2828
1018 2871
1147 1680
592 564
3153 2606
46 2305
2443 215
1392 3711
4770 3332
3761 4888
576 454
4785 2527
1542 2884
1375 1458
583 1643
199 2491
3463 3541
1134 4550
3562 4416
2379 2542
1890 3675
4281 1554
3088 468
3347 2998
1241 3803
2346 826
1311 148
4430 4979
1832 1037
3590 837
4823 1387
20 3242
2674 1051
2567 3146
1724 2119
3851 1415
1307 4753
772 1712
2580 1439
1764 4935
3049 2577
3669 4067
2380 4758
1605 3741
4235 2502
757 2990
3567 1666
4352 4558
1744 45
3204 2322
616 3417
888 3575
3004 2772
3035 3398
3341 2862
3162 2114
458 1219
1892 3440
4405 4849
4243 2827
2349 763
3284 4210
1894 2627
673 1020
2721 1451
969 321
1783 801
4947 1837
2572 472
882 4408
1501 4986
4780 735
1478 1241
2534 1457
4196 1143
3199 4247
2098 192
3743 4215
1791 1203
4314 1135
3242 2759
4445 2483
1861 3921
2655 2511
2175 3691
1071 1899
714 4934
1747 3971
8 1679
4689 3410
1549 1898
4433 1860
4856 3901
1686 3213
1381 638
2306 3848
2362 4983
4688 2594
762 1886
256 1259
3664 50
2277 1508
2003 4966
4016 1418
3014 941
798 895
609 4455
3649 3208
2031 4286
3628 1657
3790 1221
2207 1582
1292 4463
3904 4970
3350 4789
733 1378
2102 2168
2681 3074
1528 270
3915 1363
2279 3569
3732 3640
125 4137
4343 884
2977 181
4508 1620
1006 1226
1641 3186
2345 3757
4340 393
398 1624
3673 2134
1230 240
4728 1938
2794 3536
846 2901
3489 2662
3565 2599
4597 1938
401 2471
4590 2329
4418 2233
3202 3907
1810 4152
1719 576
4692 4584
3680 173
1376 4945
886 1775
2843 3142
2340 1736
4721 4099
4949 1924
3472 1564
2973 3173
4104 4015
2679 287
248 4324
1503 1165
4747 2651
1275 3557
763 1965
349 989
1914 2032
880 2729
1259 790
3057 869
1099 1083
2304 716
4469 4006
2527 3732
4362 3336
1873 3143
4571 2140
1309 742
3245 2957
4614 3070
1350 2121
571 2336
3806 2391
1846 3943
233 4568
1273 2722
4173 3897
4034 1443
2070 471
1622 2713
601 1616
2158 1515
3646 533
4625 1944
4790 338
1106 3426
3149 3420
3112 2956
4860 1877
1865 2097
4840 83
2453 1818
3398 4723
3628 762
1390 3361
532 4442
692 853
1872 740
1393 4516
2159 3854
2434 165
2941 1578
501 3095
4076 2940
4573 4717
1961 3380
2252 3958
748 2998
1451 568
2280 3813
2377 507
67 729
3670 1151
3521 388
1220 3900
1258 3527
3358 1029
3554 1704
1185 3417
2895 1210
4485 1163
1085 1495
1406 3790
360 3891
3402 3761
2587 3468
2353 2534
3989 3244
3718 37
3742 2596
3853 2818
3364 4396
1684 4645
1775 1915
1521 3920
4472 1115
4108 3399
502 468
2287 1453
260 671
1868 2585
1559 1910
1904 1785
1926 2571
969 1280
1312 1805
2337 2001
4804 7
1862 2801
2309 2776
4275 1616
2669 1492
3379 3181
4053 2965
1402 3840
663 1733
241 4507
3773 1263
2291 4299
141 1910
2070 2333
2756 3988
1578 1009
3977 2790
4795 967
3545 1679
3182 4921
849 3608
4159 304
1596 141
2689 3641
4605 325
857 3886
4059 730
158 2849
930 2409
3089 311
4019 3562
2247 801
858 257
3154 1426
4290 4681
3738 1016
452 3318
3385 3972
3351 2346
453 2486
2541 1376
2244 2752
3850 219
1911 4978
3029 4598
115 4652
3561 2075
1371 3745
441 796
1017 3473
949 2089
1939 4138
261 1631
208 3370
1164 2483
2631 3797
4571 996
1035 1418
186 2399
233 3442
1605 110
4205 3069
1695 2723
2983 4310
1882 2929
3485 1880
3897 534
4123 3370
2472 4724
3672 1498
52 4768
4368 2505
2225 1720
3784 1505
4394 1127
1066 4622
2689 953
2067 2727
4111 2994
1017 303
3223 2039
663 1101
2999 4841
1499 4288
1002 4991
172 214
3726 2046
2848 3833
4146 3974
1809 693
123 1646
792 857
4881 1223
4568 2762
823 3166
3037 2176
665 1447
1373 3335
1079 4576
4828 1296
491 4181
28 606
201 3564
4278 4207
2482 3123
4553 2072
1632 4350
4739 866
2147 956
3840 4336
1868 2130
1179 4945
3083 4154
1352 141
2553 3194
2751 381
968 746
248 4566
1231 4047
4262 4045
2092 1687
1828 3899
1167 2279
4519 2865
1830 1556
671 4433
3004 4019
4847 2464
2119 964
2006 2982
1887 1514
4707 329
3073 2128
3323 4553
655 3068
1893 2243
4535 3167
3368 3983
1984 4042
16 2403
1143 1076
4310 4169
227 589
3054 4527
1827 108
3189 1891
2028 3751
632 3957
4616 2634
1549 3922
842 1386
4915 1324
2447 2281
4608 3566
4812 916
4031 4404
4657 2564
1376 2998
2654 657
1751 2795
3353 1124
1607 4411
2365 292
3171 3780
2645 3446
2357 732
2716 2434
618 4462
1737 4509
3723 1836
2117 247
64 1898
3900 823
1609 462
453 3891
815 63
3382 4661
1540 2812
432 1580
1939 3100
4952 207
1559 2795
3013 4513
3186 2533
292 3968
1246 4242
2140 511
1402 2503
3093 4613
3090 1083
924 2478
439 2785
1454 3050
3012 1465
2782 65
2455 2124
2768 2715
425 874
2381 2288
1136 3796
2996 3589
126 4303
1894 2599
4800 4862
3222 253
4006 3587
1536 2569
1816 4915
75 311
2523 713
2106 3398
4420 2005
232 3556
437 4177
2892 3842
1272 4876
4835 930
671 417
1850 4859
335 1886
4396 2815
903 2092
3648 4646
574 1489
991 2177
2766 2211
90 2904
2589 2521
4970 518
1593 3936
737 240
4756 22
4258 371
2224 4443
4809 1740
4509 1319
2135 3590
1275 1769
1771 1632
1919 2398
689 422
1029 2901
3551 402
262 4744
70 3335
4979 4681
2463 3809
3785 1974
1880 1955
3971 1844
949 3201
1791 890
2422 1715
3257 3708
2305 8
863 537
4592 405
4965 2809
4296 4228
3532 928
1295 1079
2271 4108
1327 4624
2208 3134
2908 4506
1536 3572
2399 949
3756 2733
300 3114
4250 3834
1639 2146
538 478
3939 3951
4285 431
2829 1410
488 4824
2132 4602
3766 2873
3337 4021
3162 3979
2387 57
4878 1381
316 2374
818 1520
2410 1149
2434 4711
3380 3296
2552 4614
3838 2866
4126 4978
144 739
2639 3250
3282 2512
4675 1189
4620 3541
3296 3596
4512 2446
56 178
3151 3183
1196 1544
1117 4713
824 4334
782 2383
4670 691
4129 314
499 1348
4515 71
4513 2266
4099 378
4318 1357
4029 3938
1327 3376
4246 1734
3505 4686
926 3610
3581 4891
1444 2220
3903 2945
3326 1790
2214 228
738 2512
3175 2558
3689 1181
984 354
564 1726
415 3643
156 2655
1932 4099
909 3595
1181 4996
66 964
3687 441
1386 25
1482 4117
188 3987
3288 2248
4619 2325
1663 1091
3509 4380
2199 3382
4482 3119
3496 3443
2765 2823
293 632
2866 2493
700 316
3127 2201
4340 3035
403 1445
653 931
4168 3007
2220 1843
4255 252
196 4492
500 1097
3939 2351
375 3620
4730 2218
3821 907
4735 3103
1020 4467
1099 45
1252 1962
3370 4270
1787 1257
1617 27
4385 3784
2425 1515
4730 3050
4631 33
2789 3341
4004 2123
2593 4765
2155 4763
3831 3197
1531 351
4764 3321
4471 2435
1307 948
2140 1206
797 4780
4933 4861
2828 1905
4395 3994
1384 4916
2653 2263
2009 1369
1729 343
3620 676
189 1158
3895 2172
1712 3397
2649 4709
3891 2533
2308 2809
1321 3051
570 1352
4643 1915
4176 800
700 2374
4013 1650
1531 2514
2445 582
1168 2389
3805 164
608 4460
517 1520
3667 1414
475 1117
917 2575
1885 1959
1193 2316
2135 1348
2603 2223
236 3054
3078 2270
638 3495
939 3408
1933 3498
2113 4469
3515 3347
999 3560
3538 2996
2486 3024
372 4318
2685 222
135 1569
1004 3260
1336 2626
437 3356
2329 3457
4966 1529
2252 3531
990 3644
1832 3038
778 2116
736 4742
956 4592
1420 79
4155 708
4053 822
2648 3073
3043 2806
1917 2357
320 4823
4001 44
72 4145
2254 1465
4344 2922
2976 1140
1566 4668
1209 3688
2313 312
190 2081
1764 4612
668 4201
2519 4357
3290 2948
4094 4177
3276 1504
4076 3753
4893 4281
1724 1992
193 2947
3895 1470
2634 3392
3565 2388
537 4711
2189 3161
4841 2911
3418 3699
234 3822
2613 3721
1339 436
4242 635
523 3918
4875 3308
2274 269
3042 3212
87 2696
540 4489
2271 993
3897 2878
4088 1311
325 1933
2228 2013
4603 3467
73 2295
4366 3942
3151 3204
4936 3228
1747 431
2161 1937
3044 4701
4859 3055
2435 1173
4454 3053
4476 1700
3843 4774
4423 1161
2845 689
1795 4441
3250 2183
810 3532
2703 3500
736 2660
1530 814
352 3133
477 4671
4401 4272
3810 1158
562 1535
4516 3377
1050 1003
3235 4200
3647 1807
2995 2011
4567 3965
890 287
3982 1022
4810 1719
3759 3206
2206 3713
2110 2313
577 628
160 1760
2542 4182
4034 2455
4553 1320
2578 3979
3807 2274
4634 2524
4149 3374
4363 1732
4687 3902
2311 2773
1364 2825
3903 492
2722 4519
3023 3361
3568 2288
2424 1557
361 3834
2494 2777
925 3537
4703 3205
4045 1803
829 4926
528 21
2832 1482
1594 1768
378 3417
2414 1516
3909 1387
3994 893
186 3598
1458 4619
1905 1647
1934 204
1526 4459
1672 1158
3637 3117
4760 1051
4401 3167
4385 1165
3998 1156
4883 1645
1041 1579
3603 3397
3238 425
2435 4696
4870 1331
4298 3291
3944 600
24 4861
782 3399
560 2795
3553 4753
1990 4710
4089 4332
4214 1015
1698 2416
887 2692
1327 2448
4204 169
4806 4058
1376 3475
990 2815
1430 1480
986 971
631 1196
4894 4402
1230 454
129 1633
4552 3271
813 2592
3931 3878
3764 53
1446 4386
3585 1225
4613 4397
1869 362
4227 1078
2569 4625
2273 4655
3725 4642
2752 1506
1617 1772
3496 2907
2220 2969
2306 3931
1502 4660
1605 3708
2616 1083
4482 1248
4898 1703
4999 832
223 3812
2072 3620
4447 1173
346 2030
2768 3584
4452 2895
4096 3139
1020 1574
3348 162
1459 2623
2340 4635
2701 651
621 12
4743 1800
3169 4274
1664 3281
3368 1067
565 2706
988 2023
562 3243
2170 1576
3725 2511
1506 4139
4450 1591
3244 821
2799 1967
4158 2882
2972 593
4665 991
1439 2484
240 478
2902 2920
2406 2417
2878 534
3584 2715
3285 3939
2821 1562
1108 4572
4975 4741
4552 2524
3957 1937
4701 4217
3117 4393
4489 1067
1892 1247
1229 2440
337 4534
3225 636
78 1614
3485 3739
4499 3463
4709 3851
4680 2770
4890 1056
3941 1287
1599 1547
893 4990
33 1848
28 1579
3817 3456
666 1428
1143 4817
2079 2047
2092 1496
1163 3788
4618 1886
1248 2794
1004 4207
4492 2573
1672 2536
1349 4122
3432 141
90 2455
1414 1236
1880 719
1114 2471
1361 481
1836 3401
805 1068
1575 2822
1772 1282
3714 554
4481 2422
3005 1205
3323 2632
176 3689
4926 4218
2605 3722
4963 1210
1860 417
4513 1649
2296 281
2761 1728
3722 3031
4690 4332
2893 743
3185 2208
19 2164
1630 3968
810 3902
4414 3282
3526 981
1387 242
4820 3685
1067 4270
221 2184
1901 4624
4317 2954
1662 2721
2899 4736
2644 3393
870 3702
1949 4192
3739 3634
1107 200
4412 4765
4179 3159
4125 3078
1745 2409
1615 1441
3189 3105
4292 1658
1382 3589
4861 624
2979 8
1930 3673
4444 1150
531 4986
1526 4657
4882 493
577 1511
150 2631
1382 2575
2218 4584
819 4106
4253 3686
2760 1425
3227 2592
4012 3806
3517 3020
2412 1668
1866 2507
3224 4132
2994 4693
2321 4903
4498 1527
4955 593
4042 719
3376 4448
3738 2618
4252 2733
4122 4882
4353 3000
4888 2665
745 4710
153 1796
2989 2885
2119 4608
4219 4459
2897 2242
1609 2530
557 1874
1501 3935
3165 2389
4910 2551
3751 346
3535 4871
3759 4654
3227 4680
774 3966
58 4255
2899 3802
1287 1242
432 4323
876 1775
2169 3978
2992 3566
3699 144
4637 3151
2138 588
1253 2795
2021 2952
3045 117
1488 1675
4879 352
4444 1102
619 3565
3874 1099
2107 1760
4081 1751
2035 3392
4479 3496
3639 825
2427 1891
4291 3625
772 187
4376 569
3682 3034
372 3435
2839 971
1009 2419
4356 310
2153 2570
4595 4813
4069 482
4481 489
3277 3527
858 4926
3499 1660
1694 1441
4764 791
3150 4905
1990 4837
368 2360
16 391
200 3178
56 1397
4986 4768
1080 3136
3259 3725
4911 4101
1881 3567
1040 2570
3987 1571
4877 2990
2612 4176
911 2300
3894 2830
102 197
3118 4386
1232 1361
3595 4053
179 2821
4718 1121
1092 627
4716 1164
3184 3604
2647 2926
680 331
915 1236
4016 1035
3665 2595
4976 4609
2778 4062
2866 2144
2101 3493
1967 3707
3578 1389
2129 3120
3089 4427
1413 438
4346 158
3776 3904
863 1369
98 1593
3006 1434
1019 61
2037 468
3112 868
889 387
382 4944
955 4569
1580 3201
3197 4540
2196 3249
4002 1365
702 1320
1558 405
2948 1723
2771 2891
4030 1780
1838 1823
15 1882
2124 1594
3143 3248
416 3676
1928 2461
3528 602
4282 3678
2430 3883
1992 96
1109 1133
4112 3174
452 3118
3989 1781
1922 774
1752 3500
4864 1389
899 1486
4219 2682
1737 3651
4644 2413
665 4238
2626 2221
1800 35
181 3375
1398 2747
3223 744
2998 347
1682 1263
3711 1568
4213 1957
1322 803
1466 2593
3980 2969
1881 4342
4302 2927
922 868
717 2553
57 1971
3465 4955
4153 4962
985 118
2581 1285
4324 4566
3828 3301
3054 1453
15 2648
3241 2810
4032 1344
1272 2721
3275 2049
1226 3288
3654 4248
537 4751
2626 2342
2018 856
2113 4450
1877 3142
95 2356
1664 2013
1449 4331
205 436
4298 1386
1229 4160
445 1235
3650 2855
4152 2245
2560 2117
3981 2336
196 3966
4422 4360
1963 4217
3990 2587
4671 3196
2231 3768
2844 473
3787 3310
4440 442
2958 1746
3286 3711
4849 1397
2879 358
3394 1070
4717 486
2401 2387
4022 3370
4387 1604
272 3595
1047 2051
1534 1343
1291 3148
4370 2465
2578 3109
4960 1122
4266 4322
565 2550
1787 3902
2469 3668
646 2024
660 4593
1151 1092
1282 2184
1113 1642
4969 4071
3899 2437
807 2088
589 2509
2247 1886
1701 2514
1381 1096
1269 1867
2866 1107
4481 2965
1537 949
2442 2559
3869 234
1347 834
2191 1993
2765 1787
1575 2931
1687 4661
261 280
1885 768
4655 776
1586 2757
1961 2002
2661 2345
2693 4677
2528 3197
2053 1487
1147 2963
4343 4437
1683 1568
1763 1250
2494 3383
3453 3730
4223 1967
4515 4737
3547 4008
2734 243
3626 1747
935 505
135 3786
3129 4537
3471 4296
97 615
2402 1832
4388 278
3711 4428
839 852
1299 2363
1015 3049
187 2875
613 334
1931 1605
298 2207
2882 2823
444 3418
83 4467
4535 4054
1094 3181
159 1261
864 647
2449 4829
1460 849
2698 3704
4175 4702
1397 4271
1725 2479
1132 2000
2693 3193
3320 4692
1411 1723
3858 252
4543 841
3442 777
2609 3947
1134 2835
3149 2750
4045 1908
3013 2645
87 1251
3717 1160
2244 4830
2927 756
232 1828
970 3084
3886 3404
374 1493
3796 4492
4959 4384
4921 4586
301 684
4762 3031
517 4105
1804 109
161 3888
949 1928
4255 1583
3984 1268
3475 3127
704 4191
1513 3136
551 3764
3307 3215
4654 38
3693 3493
3548 507
4121 3231
1389 667
1670 3383
4203 2327
1082 3378
3395 3337
4339 2930
484 2980
3941 2668
511 1091
2282 599
2450 3571
4514 3249
3343 4729
4279 1279
4374 443
4391 4034
2522 1925
460 2544
190 4646
3722 1725
4586 1064
1258 2637
224 3869
1570 1478
2552 1492
3475 3340
4363 1591
4282 2098
2383 3997
1985 196
2301 1223
388 3024
935 352
598 1081
3032 3753
3574 2831
2393 3787
1719 4471
4995 973
1163 897
1417 3234
3497 3181
3047 2201
2279 4820
423 908
511 1459
3100 4016
3165 1103
2164 4145
2381 4426
1164 1016
4459 720
974 2517
4520 4383
185 4470
3010 2711
2370 3844
3338 2605
187 1262
3065 2368
954 4582
3763 355
1564 305
3761 2665
1255 203
4159 543
827 2628
3953 3621
4961 1947
574 3096
3464 1776
3746 1351
836 4929
4514 162
4660 21
3118 289
2820 3400
1453 2698
3205 1026
4558 4524
4730 1125
970 747
2284 795
2972 4025
4349 3619
3942 2179
2560 2449
3735 853
3046 3933
3401 4843
1954 4469
672 4059
2803 4993
4893 1513
3608 2313
1606 751
415 1728
1639 1001
1706 850
2181 3384
984 75
655 1682
4422 4032
4190 2072
3330 2260
327 4012
1221 1112
442 391
3617 1743
4329 2567
3065 833
2629 2746
11 4261
2625 257
2867 3433
3038 4947
1930 3406
1439 611
2341 3163
3843 4576
2007 4486
3738 1869
3262 2909
1752 3822
1246 4709
4874 1561
9 3182
3490 1173
2067 2562
4552 3580
1552 2874
313 1042
2232 111
4157 4992
4548 2708
2307 3885
3591 3755
777 1336
2077 4201
3970 2151
1807 1740
3747 1142
4867 1119
3869 4804
1570 1504
798 196
1650 4588
3770 1558
1563 1959
4207 1731
4083 4803
3118 99
571 2090
1553 3766
4068 4806
2026 1072
2370 1305
3256 1473
350 4568
875 1052
4763 4871
182 2517
3101 1743
277 3404
681 3412
3627 700
4380 3559
4921 2687
4805 15
2051 2857
4912 4726
2726 2312
1445 2851
1358 3025
4671 3257
1829 2286
3148 554
4784 1518
3324 4461
391 1624
675 3807
4295 4206
762 4958
1115 1638
1469 3018
2050 2650
4317 391
643 1873
2846 3386
1620 4516
983 4083
1680 218
1908 194
1419 798
1743 3843
4854 2188
3977 3329
1190 988
4525 775
2361 859
4582 1168
3950 2454
602 4403
3736 3543
3333 1695
3994 1817
2822 3308
4777 4521
3030 4763
4998 964
3447 3030
1414 3156
1564 1056
4696 1417
3209 2455
323 3234
4227 3392
1746 1572
595 2992
2039 3117
4920 1088
4884 1610
651 3589
742 4023
2369 32
1371 142
1170 1295
2335 724
2824 2329
404 4183
3524 4822
1464 2694
2434 2157
4512 2894
3635 1208
3184 3106
3799 1223
4163 2804
3533 3351
2968 598
4001 4142
1868 3530
3534 2435
4731 4613
3154 4914
2187 1582
1007 4693
556 587
3346 3796
28 3799
2354 2657
690 4037
2837 1181
895 3966
1581 2507
2424 3312
1459 3851
343 258
2068 3224
2794 3059
2648 3732
128 4996
4703 2713
800 200
318 3009
1252 3475
257 863
658 2658
4501 3680
2917 1285
1287 1618
4553 4710
4508 748
3830 3367
635 3928
2676 2582
848 452
2730 655
787 4722
2412 87
21 2776
1085 719
1012 2189
4121 2248
3808 3709
1580 1928
1889 1311
235 4686
4402 167
1277 3104
1245 2310
1623 3057
2657 3108
2424 4995
4174 896
562 1513
1374 1716
2197 681
3115 455
1480 904
4290 2261
4001 2696
2455 1594
4772 1819
3998 624
4038 2151
1919 1444
3731 4546
18 2473
2908 4228
3749 1694
1883 3347
3261 503
2184 1449
4432 2810
3531 1033
2509 2867
2726 2166
2163 3185
4154 286
2871 2526
2601 1736
315 4307
3743 1727
3010 1211
1625 3413
2878 4183
3673 3524
20 3534
1510 1053
4321 1733
2041 3802
3944 3798
4100 105
3965 3356
3266 3880
1395 4186
722 3034
229 1732
4974 1780
632 4835
1717 2306
1724 2367
2922 3219
3395 59
4547 1950
4384 1735
604 3804
2916 3435
2222 4789
4409 966
2356 111
661 2153
1197 4202
3529 4197
2133 4533
372 1758
2073 1191
4746 281
1904 2616
1055 2492
3552 543
1213 512
2538 641
1691 4099
3635 4844
3518 1171
4326 2812
898 4968
2097 1668
945 2258
2898 4163
559 2481
50 386
2166 1032
427 1127
4544 3019
1533 4567
3298 3461
2170 4367
3465 593
4393 4714
4091 618
3662 4542
3801 1828
512 902
923 3492
3585 123
3388 4453
2907 486
2515 4919
1223 787
3961 3494
4764 1089
3882 70
4228 1458
1945 3423
2103 1934
1030 4744
4401 2219
1531 1371
2225 2469
3487 1467
162 4738
1477 4943
2937 1621
3715 4544
1997 3474
2123 2182
1819 1329
981 1128
2987 158
4226 3526
1901 2988
4865 4329
3327 3222
3885 2147
1875 2344
4245 2894
2911 4623
4612 1297
105 2400
4561 4279
269 4664
1278 2102
122 1769
1731 4323
2185 1609
547 3492
2022 4282
1926 4122
2150 424
4112 2466
662 1938
3583 1411
3882 396
4789 1859
1129 4564
3602 420
3337 3550
4279 4628
1988 4821
3348 4219
739 2622
438 4378
321 245
3965 4644
545 2689
2858 3352
4313 3598
4929 4298
4273 580
783 3355
1061 1809
4873 980
1280 741
378 616
1189 4583
1098 4368
1747 3420
1967 660
643 4898
972 1596
1549 4462
4170 4371
4438 3808
2919 1015
620 2956
3054 2698
4834 3991
3426 1017
842 1823
1306 3925
4253 3756
803 1873
3232 3631
2200 2492
2980 4106
608 2863
4681 3907
3982 1564
2497 3496
2189 53
1554 4358
4456 3820
747 700
3833 1273
2617 4852
1781 1573
2634 4106
569 3821
2703 417
1477 1311
3347 748
4229 2932
289 2812
1785 2616
1940 3894
3545 2314
601 796
1529 1331
2651 2924
3469 3254
4152 584
1462 1737
2763 3755
638 2967
2647 3233
3764 641
4285 2366
1491 225
2610 4904
4493 3486
3507 1708
2579 593
4468 398
4148 3755
1830 1494
3666 4110
1822 2606
287 813
3670 3566
2399 3648
2026 609
4213 3715
4710 1320
4329 3949
1829 1466
3895 749
2586 4007
4720 1587
89 1838
4394 2500
4310 1334
4750 1522
94 1792
2667 979
4231 4044
2109 1913
1599 591
1091 3928
572 2729
1076 391
992 4401
979 1925
2459 2765
3873 95
219 3567
4541 2558
2836 3408
3974 4184
2985 2038
4246 3178
2646 1798
4126 3655
2193 1591
1439 1071
1853 893
4535 3637
2562 3289
1508 3462
1549 4213
459 1678
588 4168
1835 3033
2895 4588
1600 2122
316 3542
3213 1037
1956 3212
1646 2956
2020 3641
4024 3678
3886 997
2453 1217
384 1374
3274 811
1954 3962
3768 3627
1632 675
2824 2071
1654 3256
3221 1731
2285 2036
1789 4700
3820 3505
1417 1889
927 1766
3807 3487
436 3235
1205 1127
1836 528
4010 1207
1427 1629
687 930
2553 4819
3154 2132
4089 3637
4492 445
4884 1782
4285 4626
770 1075
3381 1927
603 451
4417 447
3789 2454
29 3545
3474 852
1332 113
217 4439
2431 4064
3774 3815
4705 3818
3736 4985
1650 4963
1543 1564
4031 369
520 3913
219 2350
2522 626
373 145
1629 1698
3370 613
436 2831
1823 4351
4686 3261
789 3394
1253 3158
4455 1210
985 2465
4393 4537
3771 2373
4326 1887
4210 3790
662 4728
1303 2601
4165 2944
2979 3144
309 1184
770 3880
3082 2057
3271 2675
2636 2150
2984 2469
370 1002
3938 4211
3980 4772
1058 4279
1681 4219
1894 2385
3458 44
3733 414
33 4992
4354 7
4929 3521
179 405
2305 3545
4095 1732
4351 2744
1406 1271
3546 4867
1628 4110
2183 2594
4147 2846
2795 4832
3794 3511
1416 3103
2644 4311
2425 894
1337 3552
1121 2873
1222 1907
4486 3752
3394 1101
3199 497
22 2313
841 2057
248 953
4714 4763
2238 2539
4432 934
980 3597
1695 4894
548 3469
4313 4711
3564 1921
2603 1365
4020 4963
3347 4516
497 701
3029 1134
1025 3496
3405 3441
3679 2346
1504 1934
529 1780
3331 4792
3174 3683
2261 3821
762 2398
4860 1743
2295 3873
448 1314
4635 3344
1792 3251
2051 4848
4996 2462
715 4702
2202 2226
1971 2615
329 1207
46 4603
4478 3523
2109 1652
2982 4732
3059 3163
4699 3513
2816 401
2224 2621
3367 379
4602 2198
3445 2244
4419 2654
845 4904
1345 1124
2086 2856
4196 3683
2578 1147
4995 1514
1236 3156
2688 659
4908 615
850 2134
285 2774
4897 3590
3813 1052
67 2747
4039 4098
2790 1299
964 3910
1627 467
2018 3847
2218 3743
4620 1142
2306 3300
882 1515
134 2005
3003 3309
2003 1943
1870 260
3771 4162
354 2237
4195 3197
876 1400
2646 4607
1914 2241
4667 1378
4539 2263
3283 2691
4658 892
1241 4730
2595 3190
