5.23 5.50 5.52 4
5.23 5.50 5.52 2
2177.58 2713.7 433.11 1
2177.58 2713.7 433.11 2
2177.58 2713.7 433.11 3
1.00 1.00 300.00 4
2730.09 857.91 1657.49 23
1848.88 834.74 883.96 8
2139.59 1673.18 789.1 92
842.52 754.73 546.37 12
1661.62 583.08 2523.7 21
2323.23 446.56 1063.87 13
1609.55 2688.56 2446.8 6
1412.92 1182.61 1684.15 8
1474.11 1717.61 1474.11 34
685.29 2890.05 1655.34 54
2337.99 2490.45 618.13 11
1828.85 2307.46 892.15 20
1827.48 1325.26 1379.61 6
1952.23 2778.66 1247.81 84
551.16 780.3 2581.95 8
1652.54 2998.47 595.65 58
2117.78 1434.75 2304.84 81
308.16 2750.43 827.52 51
1583.25 172.82 1244.89 24
-1
