9
451620744 208243705 563490073 444557833 313260319 706453169 691946750 29802556 907610662
351995723 799250778 355858887 733188842 933692468 869249181 607498209 532346381 216214780
384933967 535004348 795049999 425673327 492261215 132939899 3151326 313022557 189543384
730151037 730655443 415442283 634683250 122926173 563488492 594955847 947367264 770910446
372860110 353776177 870211130 415179401 357449160 972125870 317313141 604165155 872222198
64258619 805651145 564583206 710751331 152878751 970839432 914233565 143404473 960656525
929633525 637260040 777877874 271694326 591126005 808224854 219677355 616796019 63120969
326973708 768650783 385710466 879587821 120414847 996508714 570549627 10417752 816971552
895561150 555579939 967482404 490290670 906497042 185497984 272042245 612035381 746637108
