50
-721966061 -721966061 -721966061
-879901867 -879901867 -879901867
-665273202 -665273202 -665273202
165347772 165347772 165347772
792040083 792040083 792040083
-900146784 -900146784 -900146784
-542267167 -542267167 -542267167
-944475442 -944475442 -944475442
-289605854 -289605854 -289605854
-941234365 -941234365 -941234365
-104856535 -104856535 -104856535
-58922287 -58922287 -58922287
-598765887 -598765887 -598765887
-767225467 -767225467 -767225467
122131314 122131314 122131314
-507752556 -507752556 -507752556
830277036 830277036 830277036
667072455 667072455 667072455
-249784878 -249784878 -249784878
-377122541 -377122541 -377122541
783035724 783035724 783035724
387283252 387283252 387283252
177329937 177329937 177329937
54781727 54781727 54781727
-460076928 -460076928 -460076928
211137772 211137772 211137772
177166155 177166155 177166155
-619214373 -619214373 -619214373
-613289772 -613289772 -613289772
-389202723 -389202723 -389202723
-668774420 -668774420 -668774420
484964542 484964542 484964542
-934120524 -934120524 -934120524
-278196929 -278196929 -278196929
-961841924 -961841924 -961841924
-354027072 -354027072 -354027072
-279618601 -279618601 -279618601
126923132 126923132 126923132
767073122 767073122 767073122
-276111211 -276111211 -276111211
-920260451 -920260451 -920260451
-371937450 -371937450 -371937450
-275321148 -275321148 -275321148
-972949700 -972949700 -972949700
-276588964 -276588964 -276588964
843562108 843562108 843562108
-162867081 -162867081 -162867081
-410141027 -410141027 -410141027
-560765764 -560765764 -560765764
608330787 608330787 608330787
