100
778935 -316712 778935
-853288 -83696 -853288
-325757 240466 -325757
886034 -800785 886034
84 -916928 84
-495434 -264224 -495434
-286674 -997151 -286674
-321446 -616144 -321446
547348 842173 547348
-160713 921217 -160713
939728 -376396 939728
-58750 913659 -58750
878590 593953 878590
850807 844724 850807
-322084 -922742 -322084
687446 -22369 687446
643334 -813889 643334
-369919 948553 -369919
-357626 -486819 -357626
-311911 -158208 -311911
166243 -537109 166243
223644 -864524 223644
-760229 -9478 -760229
-938136 90473 -938136
661092 201164 661092
-739974 867752 -739974
952769 879104 952769
-201418 -381298 -201418
492076 111639 492076
-337062 -172055 -337062
668737 -967044 668737
613319 -815951 613319
-779608 -446566 -779608
781646 -947287 781646
-925306 310683 -925306
-498400 141815 -498400
889527 -530622 889527
965511 -493490 965511
-799749 -468752 -799749
587118 -570048 587118
497371 -473903 497371
-672121 965866 -672121
2351 -913967 2351
-18553 -188755 -18553
176391 -944853 176391
-302660 428452 -302660
-361542 -64279 -361542
608327 -691920 608327
827163 935009 827163
226538 -445698 226538
-938655 -105405 -938655
-888079 -158850 -888079
-582158 -833086 -582158
-831237 -183057 -831237
-744267 701213 -744267
-775936 -596564 -775936
68967 -397770 68967
701325 -935768 701325
394685 323256 394685
-843997 985870 -843997
-317091 -72128 -317091
729518 -565266 729518
91616 753973 91616
-533583 599242 -533583
-259787 422164 -259787
-828107 192739 -828107
-996884 -758093 -996884
10695 -637686 10695
171441 470077 171441
-672946 673025 -672946
-851789 -774649 -851789
172213 -988092 172213
-757888 -878981 -757888
232490 227904 232490
929309 -776583 929309
-741761 498058 -741761
886670 183426 886670
411157 -754806 411157
-744682 528051 -744682
434746 -257063 434746
-212658 -839352 -212658
466289 -591994 466289
-735728 -709296 -735728
39591 955983 39591
383228 361885 383228
-148764 -745156 -148764
-548732 -32136 -548732
-13756 -367434 -13756
503462 -261831 503462
-886853 -842890 -886853
255467 276506 255467
-938214 403861 -938214
-555890 -17764 -555890
241525 123497 241525
141436 -456008 141436
-916349 583158 -916349
207845 -722293 207845
-61894 -367562 -61894
-162830 470959 -162830
489086 317277 489086
