1000
913722 -337760 913722
-696415 647856 -696415
-656224 -961189 -656224
661620 -776196 661620
-359080 -683290 -359080
-860669 -628479 -860669
-240889 830469 -240889
697983 -820823 697983
-593453 -378029 -593453
-970283 -36412 -970283
-978377 -887217 -978377
537952 60712 537952
-825065 889206 -825065
665400 -312243 665400
-349458 -506546 -349458
643769 303893 643769
608826 -329441 608826
-638978 37753 -638978
-552977 -460096 -552977
396342 653945 396342
233497 -453791 233497
-414432 741780 -414432
673317 87835 673317
943544 609819 943544
520042 206804 520042
-274111 -673917 -274111
-169278 265662 -169278
369235 398225 369235
455758 -8056 455758
-683648 -6084 -683648
-844748 -803288 -844748
892104 812193 892104
283544 -48205 283544
805867 -273071 805867
-441218 506416 -441218
-312586 577266 -312586
756392 850613 756392
620817 703334 620817
913292 79902 913292
612423 974692 612423
59733 953950 59733
376065 -636898 376065
271990 222093 271990
795999 703299 795999
-741312 257202 -741312
-755307 691455 -755307
-774633 -18320 -774633
-380960 248029 -380960
-460473 -974967 -460473
17365 729322 17365
-846698 502430 -846698
-712821 -982278 -712821
-970116 131487 -970116
-509128 -870183 -509128
493403 -957982 493403
593134 -11678 593134
605918 436709 605918
-550949 -351973 -550949
846292 28420 846292
-211395 -871655 -211395
-685572 224690 -685572
166054 417769 166054
152787 -748216 152787
-962840 69148 -962840
-404053 -86930 -404053
614347 418406 614347
472125 -430464 472125
937128 554292 937128
460275 -904575 460275
-493794 191028 -493794
563591 130814 563591
-267936 -980650 -267936
-203191 -257356 -203191
-303519 -135196 -303519
-541276 359195 -541276
838089 -558053 838089
290273 -651100 290273
-37170 -380773 -37170
671947 -756206 671947
833055 339832 833055
-537707 -47698 -537707
220794 -988405 220794
-999590 -136814 -999590
-182023 674275 -182023
912954 -234391 912954
809167 292537 809167
420323 175277 420323
191732 -847919 191732
-365044 386977 -365044
-214186 -69228 -214186
500132 -144925 500132
-375966 -884456 -375966
-320573 -173521 -320573
84379 -841350 84379
423133 -532863 423133
-334396 148884 -334396
-874127 -942872 -874127
326292 -267418 326292
391260 -838785 391260
77344 236989 77344
692633 528488 692633
299206 -126925 299206
393930 -551132 393930
-788656 -917625 -788656
782280 -256373 782280
-599436 767112 -599436
615827 -209245 615827
488665 942999 488665
907637 741267 907637
103299 446926 103299
-47448 -129847 -47448
-968346 489057 -968346
636790 -888484 636790
461763 888619 461763
-459488 -452838 -459488
-993120 320317 -993120
644785 -435974 644785
-621454 -889293 -621454
-196710 642421 -196710
494360 198603 494360
96566 601057 96566
520672 -10478 520672
264654 539485 264654
-876978 882200 -876978
-699794 838070 -699794
326520 967553 326520
741714 485372 741714
109447 378110 109447
641070 615717 641070
-954504 -66678 -954504
-432187 252761 -432187
463962 113949 463962
-926825 65871 -926825
-42546 -450020 -42546
419427 -347512 419427
194161 -485645 194161
-812466 -841161 -812466
663397 -931128 663397
-721908 -584486 -721908
-891058 -592007 -891058
420934 -142025 420934
202817 978439 202817
973692 -757958 973692
-885214 663590 -885214
373060 -983721 373060
150340 -888279 150340
941655 588710 941655
41880 -543303 41880
672202 629081 672202
316349 233480 316349
-136988 -198423 -136988
474542 152074 474542
-893486 -672475 -893486
-175544 -430565 -175544
856176 937087 856176
565596 211068 565596
546328 -934558 546328
455155 -374148 455155
511138 208507 511138
-770885 -912390 -770885
-419490 -812519 -419490
443620 -34157 443620
190160 538088 190160
624005 121976 624005
-12842 526808 -12842
-577059 -51813 -577059
-241034 -997575 -241034
633728 -537409 633728
938892 -237572 938892
226809 -342382 226809
-162511 668803 -162511
-607607 138178 -607607
134520 604888 134520
519693 838128 519693
65220 585323 65220
322460 -139719 322460
-588146 113899 -588146
-278886 345595 -278886
-483128 -955999 -483128
-868820 -832129 -868820
-218362 476957 -218362
-993380 970058 -993380
-925782 -598630 -925782
-505749 -738834 -505749
534908 -402291 534908
428155 632273 428155
-22633 241061 -22633
560880 -51605 560880
703 -413779 703
-615855 818575 -615855
-620412 -504184 -620412
-381907 938791 -381907
-216248 221749 -216248
235355 -480956 235355
687103 569663 687103
-791272 1792 -791272
73632 -518840 73632
-985206 -548044 -985206
116986 847812 116986
-962818 -120008 -962818
62136 1189 62136
-276253 -505207 -276253
-156082 -672880 -156082
214796 -907805 214796
997424 -108341 997424
211848 134929 211848
776748 -495130 776748
-334207 -15308 -334207
-351323 359736 -351323
-249574 482766 -249574
529213 -246892 529213
-522613 738579 -522613
685867 746118 685867
-55290 -544209 -55290
-220819 -495059 -220819
-591487 263571 -591487
-690268 -768409 -690268
547951 -415231 547951
-804034 -418840 -804034
-846045 128086 -846045
-83843 470925 -83843
-271545 -755217 -271545
-97729 -762560 -97729
74517 -285327 74517
328121 -346168 328121
197004 -497979 197004
-527280 -883837 -527280
234816 -379591 234816
720414 -687909 720414
-359044 910355 -359044
-18696 -243181 -18696
450130 57922 450130
425333 -353225 425333
475438 878864 475438
-964237 -99857 -964237
-14765 -219120 -14765
-351385 -647225 -351385
-41738 27994 -41738
258252 7023 258252
189307 655460 189307
257211 843961 257211
-705520 760247 -705520
-497743 189214 -497743
-762047 495178 -762047
466746 -552169 466746
755324 514608 755324
380749 -909531 380749
-930782 747231 -930782
88290 600406 88290
-826116 -559982 -826116
506333 -49824 506333
-583182 -627617 -583182
755575 758494 755575
-714014 -520290 -714014
217005 986105 217005
407547 -854771 407547
529718 216513 529718
-930031 931583 -930031
-409351 -484759 -409351
34512 837826 34512
455777 151508 455777
776993 -670578 776993
-91217 -171544 -91217
-516791 367970 -516791
693531 589204 693531
472256 929857 472256
678749 425963 678749
-127735 568483 -127735
-459031 -392123 -459031
-610485 -982799 -610485
266343 604656 266343
-948623 167203 -948623
477332 -990218 477332
-740400 813069 -740400
493934 -743882 493934
718037 -782488 718037
987118 718354 987118
63525 -173080 63525
313269 -478442 313269
455951 -482238 455951
817486 -471694 817486
592347 -177110 592347
-518100 -18414 -518100
-843044 847697 -843044
208161 558118 208161
922290 -668828 922290
-523921 793760 -523921
-532951 -264010 -532951
520173 179012 520173
-87444 447001 -87444
849872 -679514 849872
425761 157727 425761
217314 770799 217314
-76166 -96518 -76166
-71370 156143 -71370
-936019 769565 -936019
374499 -662475 374499
200426 -360568 200426
712595 40150 712595
-885858 -874507 -885858
-530149 -786313 -530149
-350715 -255885 -350715
428262 -133658 428262
791196 -914698 791196
-438427 -323862 -438427
343136 -910897 343136
-390716 195824 -390716
754167 -850361 754167
-66657 409750 -66657
-911865 -715929 -911865
850018 -308560 850018
288675 -942142 288675
-812784 -422934 -812784
-915490 -603061 -915490
166329 855055 166329
640914 631485 640914
675943 83011 675943
-743491 -743471 -743491
670913 -635066 670913
-784199 -553756 -784199
688294 552086 688294
653631 -347681 653631
838383 -588934 838383
779831 -663665 779831
394618 185388 394618
142032 -757970 142032
-563899 576738 -563899
913566 688720 913566
239568 -508439 239568
179483 914846 179483
-456864 -963856 -456864
285520 628920 285520
558099 -547475 558099
334981 -808495 334981
-475151 105021 -475151
224973 -155203 224973
223995 -527737 223995
20976 -746131 20976
-497740 -576188 -497740
545845 -977596 545845
-113259 -855843 -113259
-501935 127413 -501935
-749289 669733 -749289
-379173 526197 -379173
18833 887632 18833
-987004 -95201 -987004
379865 952359 379865
465487 539381 465487
-619877 -273636 -619877
209729 864610 209729
976958 -429594 976958
599806 -518311 599806
-250689 563519 -250689
105208 -861644 105208
-184778 -336412 -184778
-104916 -648020 -104916
178138 865210 178138
622424 -751087 622424
756324 448966 756324
210546 346347 210546
926734 308239 926734
-284955 908139 -284955
-377783 339861 -377783
-293852 815907 -293852
-290338 821655 -290338
918188 181334 918188
724708 980414 724708
-488691 -146496 -488691
-792356 410960 -792356
289004 -698943 289004
477862 598992 477862
124051 -572978 124051
253715 46398 253715
843873 424439 843873
892255 -806487 892255
355581 -707251 355581
269627 -328621 269627
620824 292762 620824
387807 -392745 387807
-868157 778076 -868157
442368 -213649 442368
835946 269731 835946
190036 807193 190036
-183772 703879 -183772
502628 975363 502628
-648217 572023 -648217
-608317 121972 -608317
247360 -425801 247360
2963 -254040 2963
-712731 -579107 -712731
-414672 -73347 -414672
318075 892636 318075
-234605 733575 -234605
136669 -770367 136669
853215 -557941 853215
948395 737149 948395
220035 -29972 220035
-917983 -130574 -917983
125089 945336 125089
385091 811750 385091
734835 378978 734835
-950906 743374 -950906
-763557 -875856 -763557
736541 -380511 736541
-427755 -313818 -427755
198755 -373864 198755
-912110 574381 -912110
744471 -611807 744471
-747600 194192 -747600
578317 283440 578317
803314 -640648 803314
597680 809291 597680
769068 894293 769068
-485307 -108513 -485307
-848031 381647 -848031
-52340 316178 -52340
859641 -493964 859641
591201 861671 591201
331103 -690287 331103
-271422 -830732 -271422
-161143 -699987 -161143
161342 -920907 161342
-924720 492154 -924720
542496 -238117 542496
220074 81931 220074
-565695 -946957 -565695
-325272 -430198 -325272
438422 149871 438422
318360 88370 318360
-543734 3125 -543734
-943089 674873 -943089
-498030 389108 -498030
752513 -218064 752513
744344 873390 744344
-123432 61963 -123432
987000 557329 987000
-108039 851714 -108039
-319275 175273 -319275
-458372 145659 -458372
8734 -605995 8734
187948 -739637 187948
-455744 -983580 -455744
766633 917086 766633
-666750 -571625 -666750
-744467 -709969 -744467
-440309 -366269 -440309
-569133 -761544 -569133
-326301 138313 -326301
79685 -272494 79685
131195 -549882 131195
988960 615761 988960
595529 726033 595529
-604977 -459575 -604977
384819 -645328 384819
368591 -429507 368591
408305 -77451 408305
-131963 280847 -131963
321743 -185447 321743
297988 -811275 297988
787143 -89713 787143
-545877 -675923 -545877
-815678 -891024 -815678
-107718 206584 -107718
665469 -288101 665469
379090 -480977 379090
340826 925894 340826
-29865 764394 -29865
-697914 -618726 -697914
627694 765030 627694
623600 -815327 623600
614556 364647 614556
850068 18827 850068
-187049 951189 -187049
-946293 946898 -946293
-15543 556554 -15543
176797 -167062 176797
487567 233482 487567
976057 741424 976057
-831318 -959786 -831318
32616 640048 32616
-535224 264887 -535224
-705765 391875 -705765
-729383 674804 -729383
737976 -595304 737976
261941 -560857 261941
903562 422557 903562
-279149 656963 -279149
512138 -796342 512138
-161337 -103164 -161337
37547 334375 37547
-551307 794417 -551307
-72418 -397640 -72418
-914505 -30392 -914505
-658068 -65210 -658068
44332 727145 44332
-716707 388770 -716707
-68107 421248 -68107
-329914 95017 -329914
-77112 -402454 -77112
875108 -156164 875108
-857498 -893814 -857498
415201 329219 415201
886657 902773 886657
254137 147566 254137
-731811 202902 -731811
-915895 102311 -915895
-713459 820145 -713459
-445584 -830315 -445584
-524699 235488 -524699
-56833 -699564 -56833
547036 29930 547036
-85235 -911669 -85235
243643 687468 243643
-332219 5201 -332219
991072 -48963 991072
121802 -492542 121802
-598300 658816 -598300
-22027 666493 -22027
-336778 499987 -336778
777875 -953499 777875
632990 322357 632990
-344490 -171620 -344490
-760101 -998252 -760101
-247281 679186 -247281
-991429 579431 -991429
-176 -635579 -176
600093 -994869 600093
190625 -279377 190625
635990 390224 635990
-256648 684694 -256648
360268 -727016 360268
-312782 -707407 -312782
-647582 490257 -647582
922167 749623 922167
-703427 -475770 -703427
12615 -687031 12615
78638 -909738 78638
418682 -370979 418682
-989754 592897 -989754
237194 -695269 237194
700383 -423297 700383
828263 546233 828263
750155 312396 750155
-946798 -587488 -946798
-395880 394509 -395880
-723673 -911949 -723673
332373 726854 332373
974621 -816635 974621
39546 -147562 39546
116756 -204327 116756
-50782 464702 -50782
-284269 -92769 -284269
-882957 351723 -882957
-181239 987201 -181239
-609284 303035 -609284
-696136 -978797 -696136
172497 -606648 172497
-267486 -374803 -267486
-910830 -695373 -910830
239680 694634 239680
338242 -19865 338242
-205665 413407 -205665
132597 -708666 132597
-211773 346028 -211773
310539 -424067 310539
-846566 733424 -846566
327054 630191 327054
-8313 -372422 -8313
-959629 14630 -959629
-430165 -864858 -430165
538119 876892 538119
660389 946156 660389
-972359 -984975 -972359
-626925 530185 -626925
796530 -94365 796530
-526905 -932474 -526905
99699 -882455 99699
-54482 -74319 -54482
974834 424866 974834
-674532 587132 -674532
985203 563704 985203
325976 760959 325976
279640 20778 279640
859924 358678 859924
45554 -548001 45554
830868 -46518 830868
370175 -868358 370175
-136488 200921 -136488
-802491 543037 -802491
111880 -129139 111880
-483500 -381877 -483500
553497 -186725 553497
84493 922935 84493
482277 -300754 482277
407415 956456 407415
-359905 761517 -359905
471178 71889 471178
-23112 -701723 -23112
454322 -421265 454322
-398852 128714 -398852
-504912 911261 -504912
140861 431595 140861
754729 -100004 754729
308213 479232 308213
-891869 345458 -891869
970197 983431 970197
-227135 685687 -227135
81662 241203 81662
587739 746768 587739
-211873 -985909 -211873
545746 383118 545746
-321882 978464 -321882
502436 845090 502436
480851 -135113 480851
778836 -697801 778836
-540997 291160 -540997
-437951 -354959 -437951
-409795 530336 -409795
975432 -220586 975432
960851 302736 960851
840071 -577669 840071
-398788 -250031 -398788
-405964 787565 -405964
-536188 -203776 -536188
382962 486752 382962
-134977 562088 -134977
500554 525000 500554
-356112 481332 -356112
-807502 -358742 -807502
-50657 -476960 -50657
-62605 -765985 -62605
649592 629659 649592
233612 -772326 233612
-993731 984726 -993731
199458 -346904 199458
746747 279622 746747
379776 551784 379776
286370 -55146 286370
754988 -740205 754988
-387187 864393 -387187
-506142 318990 -506142
-77774 433258 -77774
248201 525924 248201
-920374 -991704 -920374
377478 702326 377478
-930432 980388 -930432
-907444 711976 -907444
-489973 12557 -489973
-693442 557385 -693442
-725125 -111744 -725125
-491750 -899810 -491750
-650164 456972 -650164
555554 297443 555554
-499599 -916951 -499599
653776 930347 653776
346768 140666 346768
262795 214872 262795
358657 -493192 358657
-41271 -743938 -41271
-54946 -151365 -54946
556834 555755 556834
21490 -878778 21490
-897576 -74539 -897576
557353 75943 557353
-375853 -389813 -375853
-579993 -355294 -579993
942921 185013 942921
78004 -827191 78004
-280847 -116253 -280847
674069 379576 674069
-975799 -800692 -975799
-301652 -436890 -301652
570213 641163 570213
-500252 338217 -500252
-422174 -236635 -422174
-53136 109165 -53136
966381 -220445 966381
771069 -108500 771069
-7064 -904880 -7064
-883973 682853 -883973
-724937 616309 -724937
-254028 125086 -254028
434091 -391323 434091
-575290 815612 -575290
-149675 -51636 -149675
670809 -55088 670809
-566192 646383 -566192
-221966 351923 -221966
542339 399696 542339
73933 -300076 73933
928867 110468 928867
96839 483098 96839
-561403 377511 -561403
-789168 150459 -789168
-282154 -90089 -282154
-240449 -70659 -240449
-209187 -438492 -209187
593529 -631952 593529
453818 256623 453818
-274162 412454 -274162
-784707 -572183 -784707
-55696 954391 -55696
788720 -653239 788720
180354 -837753 180354
-118649 471945 -118649
818242 -743621 818242
932309 482556 932309
228375 -403736 228375
705914 242793 705914
517969 708552 517969
-309596 219439 -309596
231933 932807 231933
-812838 116383 -812838
635821 -811600 635821
707023 156219 707023
-4732 -190037 -4732
-757853 -750400 -757853
44002 -287542 44002
-504428 -755953 -504428
-404218 777994 -404218
-358242 -586822 -358242
789182 849968 789182
862342 70529 862342
899496 244532 899496
510701 675749 510701
44495 -694183 44495
238194 -357822 238194
558016 935539 558016
-720656 867132 -720656
-761514 -187404 -761514
-874205 773007 -874205
-576984 426091 -576984
727241 -712518 727241
879032 696821 879032
436489 301371 436489
-419355 737003 -419355
-1381 769008 -1381
-237075 -322532 -237075
786396 199735 786396
840308 99208 840308
-648533 160486 -648533
133727 -646206 133727
866343 -346621 866343
-952437 97039 -952437
-124696 -834314 -124696
-211090 91303 -211090
598314 -985435 598314
422296 945390 422296
17399 420051 17399
-938465 -868384 -938465
188871 -790335 188871
245397 -975090 245397
-749930 -562993 -749930
-796056 -960382 -796056
-816856 779907 -816856
29746 360246 29746
259469 567071 259469
294050 519879 294050
-636123 458143 -636123
875472 654790 875472
-255521 -622292 -255521
-548906 443178 -548906
738182 -265946 738182
710620 448745 710620
291688 -837081 291688
-897106 -197821 -897106
-203096 -394331 -203096
-183858 499164 -183858
253367 9754 253367
664502 -80545 664502
321760 -523930 321760
804481 784022 804481
392123 412257 392123
-513297 -322716 -513297
-342939 435410 -342939
-39039 580511 -39039
-532917 560265 -532917
-380265 900908 -380265
69494 -122962 69494
-413772 434128 -413772
-934579 -723661 -934579
-390298 -581700 -390298
-401898 -251459 -401898
-990609 919878 -990609
-67729 -143205 -67729
363668 19794 363668
57320 -311178 57320
-87090 401138 -87090
405894 -641798 405894
-120585 682907 -120585
331617 -726584 331617
864247 179897 864247
-677185 122514 -677185
4011 431292 4011
90150 -6630 90150
967566 -877321 967566
-229731 -902843 -229731
712304 -822177 712304
-581728 -224085 -581728
-910978 -471554 -910978
39974 -888097 39974
935323 987730 935323
355547 222025 355547
415688 497882 415688
-731874 -809362 -731874
377790 -973966 377790
-183145 -623104 -183145
-252986 -938240 -252986
-917640 -815397 -917640
-834332 823212 -834332
852659 940899 852659
-34269 -30332 -34269
160758 724100 160758
994990 -306717 994990
201853 -560969 201853
-339546 435477 -339546
-76831 551381 -76831
956763 946099 956763
700979 -463554 700979
758672 14208 758672
953584 998542 953584
927506 991996 927506
-137249 909364 -137249
179739 486536 179739
-429581 671245 -429581
-864414 575539 -864414
-949320 -693931 -949320
151386 429326 151386
-860171 326158 -860171
978434 563068 978434
-868986 617358 -868986
-794263 950058 -794263
510869 -154296 510869
266369 -725268 266369
873910 758958 873910
905863 501837 905863
674119 360644 674119
-421741 311290 -421741
645800 -671010 645800
214955 759688 214955
-647642 -697536 -647642
21580 -484916 21580
-407112 121761 -407112
-571417 -905420 -571417
136832 -475434 136832
-449531 515805 -449531
-164771 -275273 -164771
833872 785955 833872
-865141 265222 -865141
799938 373265 799938
-197131 -509725 -197131
395166 570801 395166
103623 -721192 103623
963583 910604 963583
156172 -201988 156172
637902 215539 637902
-679002 -430154 -679002
-964696 456230 -964696
-689684 -845687 -689684
-24262 852947 -24262
781675 937545 781675
-485257 599634 -485257
929467 -183745 929467
413073 192576 413073
225349 344231 225349
336019 419896 336019
-106847 236722 -106847
755024 -269656 755024
484138 -301617 484138
528847 500814 528847
-803956 -92388 -803956
303116 487734 303116
804267 565007 804267
76559 -471957 76559
-612873 120385 -612873
-120822 -573636 -120822
-737886 -956207 -737886
245484 176704 245484
148419 -597985 148419
-43734 -401349 -43734
328123 -642599 328123
-405004 988382 -405004
-905871 -735919 -905871
501758 421508 501758
502487 -424414 502487
860388 -585115 860388
-42498 -176649 -42498
854539 661906 854539
970566 288251 970566
114388 -104388 114388
-293754 346388 -293754
355423 -354619 355423
-50786 444526 -50786
744782 479345 744782
102078 345694 102078
-22451 -615836 -22451
723678 726804 723678
873024 -669348 873024
452201 910210 452201
-477862 -245290 -477862
40815 -485760 40815
-523447 430479 -523447
392190 216895 392190
20456 470040 20456
-46978 102387 -46978
739415 -476542 739415
432916 548037 432916
-385051 487065 -385051
-758618 888053 -758618
-6388 -72929 -6388
-293979 -961505 -293979
-92673 -860700 -92673
-789408 -961614 -789408
489619 -360953 489619
375828 -507798 375828
343782 951491 343782
-483974 170918 -483974
-243699 -39940 -243699
434083 -891008 434083
845655 401059 845655
-769236 -75103 -769236
-781384 959208 -781384
-139399 -2216 -139399
770208 -584457 770208
-584961 -354654 -584961
-425706 -577413 -425706
698242 -572246 698242
471129 406188 471129
-757620 -41008 -757620
619997 269184 619997
14440 -17053 14440
-111101 101956 -111101
287548 -835893 287548
238567 -43557 238567
-613580 -776664 -613580
42217 -860688 42217
216379 671973 216379
-386175 -904367 -386175
285266 -110594 285266
-760641 960592 -760641
62724 657960 62724
640810 494962 640810
-145443 -274557 -145443
-18499 912989 -18499
-670318 4561 -670318
726938 178009 726938
472031 487231 472031
545485 23720 545485
618580 -833209 618580
-757983 -588271 -757983
-326815 -629127 -326815
720091 908509 720091
49922 -141210 49922
-629872 -187233 -629872
641419 -446408 641419
59993 225833 59993
130738 -544214 130738
501080 434408 501080
-242879 -117992 -242879
225244 -77372 225244
-627425 -965800 -627425
-175745 -151365 -175745
-146805 -248908 -146805
209338 -587060 209338
-653152 612264 -653152
-332384 -209725 -332384
550799 -210986 550799
428882 110450 428882
161326 -570004 161326
418467 -981792 418467
-818265 -353101 -818265
-609343 374207 -609343
-115019 819691 -115019
-755283 -867405 -755283
-312964 138252 -312964
220352 -284536 220352
256217 -373112 256217
656045 991862 656045
176396 -541338 176396
432004 -736229 432004
349919 826678 349919
-428805 -235934 -428805
960960 -146695 960960
-814572 -770014 -814572
180000 -357458 180000
26120 526349 26120
45093 -95320 45093
-685675 -68509 -685675
600602 -519737 600602
399363 -846979 399363
-666900 97186 -666900
-230945 -87160 -230945
826864 -929141 826864
-10643 -36152 -10643
458991 148441 458991
-186044 732507 -186044
-513005 -877525 -513005
991487 493060 991487
-124421 995265 -124421
850118 -267098 850118
