100
-507716 290147 6514076
1006398 1702993 5848746
8071342 7515025 562847
-2295529 6200756 -3191182
1037131 1467990 4077576
-3952462 7190608 -5022747
-3174978 1176804 7084567
-4814316 4855383 7481028
696585 7334506 -1723019
-829484 59494 -271524
382980 9686700 3438195
5240202 -2478100 8785445
2184697 -8583817 -5069168
-9013044 -3797513 -3312472
-8855300 -8200481 4250492
-2081775 -7504403 -6909737
-7293075 5740427 -6324266
7664801 -4106535 2149404
-4869529 7663778 2473515
5776108 5164554 -4611354
1768813 3441149 5661055
783755 2827099 5130589
9885089 -5718303 -5602742
1952637 -3501226 -9700965
4739982 3403518 -9992688
2357688 2467945 -3691196
784196 -7888287 2909271
-4392125 9052187 -5764298
-4660977 -7851585 1984637
3936707 -7903071 -4101499
2524437 2196992 -5417913
-3770598 -4359601 615870
3572875 4793480 7294733
7781659 -3528486 -9832803
-6658415 1916763 -4128613
1031892 9829849 -4005023
8534161 -5134202 946768
-1637828 -2823322 127828
719373 6565315 -6955926
-2257478 -6116503 -5828357
-6756711 -7582195 9973197
-8385196 -7394023 -291154
3228117 -5573640 9987328
4079017 -4766882 9223131
-473675 8248761 9675644
1572380 9995567 3278472
6234237 3268625 -5303414
4955327 5778315 5132225
-5375865 1190305 6302300
-9757211 -9257738 702074
3159159 -3530001 -567608
6975094 -9746418 7575093
2632700 -9738086 -5782810
-6391496 8638892 -2459004
5614263 9524258 -9113873
3986326 -6311985 6678138
6638492 7667936 -5705775
-1561704 -438059 8853364
-2627013 8934931 6223662
5459682 6399261 -7118179
6985571 -72699 -8068139
9960261 2745585 9473044
9894694 1482167 2715502
-6635294 4588669 -5648295
696604 -8423043 3670845
-9585438 6537834 1388381
-4177699 -3445704 -540661
-7719994 -1243767 6838053
-142520 9534243 3148084
9302637 9262864 -1563381
-3977839 -6885648 2709550
-4558427 2111820 3830880
-659478 -1932187 3803040
-3408850 -3980329 -336112
6233376 -5562703 -1240496
-9145685 2313369 -5612046
6539354 5127753 7792122
-2193075 -9812293 -296819
-8791998 -2628373 3225085
9618467 -4812337 -5685002
8856424 -7540447 -2394873
1901888 -980232 -2079629
-8318594 372574 -2204326
-4678569 -3654119 -873236
-729251 -6619733 7117652
4864717 3286301 -1141510
-446795 -6100429 2901313
-8341521 9156657 8670153
2114560 2476746 476199
-9596656 7680253 3611451
6297787 1475755 -91398
3854452 1847233 -1279608
-1557983 -5373074 -278756
-3150578 -1348464 8013256
-9574524 -4636686 -4367366
150373 2283548 2873052
3162126 2294421 -998682
1130588 7120269 9153308
-2245083 -4272699 -8172463
1469844 -1905566 3160259
