35
0
1
10
100
1000
0110000
1001001
10010111
10100101
11001111
1001100000
011000100110001
0101010001010101
1010101010101010
0110000111011000011101100001110110000111011000011101100001110110000111011000011101100001110110000111011000011101100001110110000111011000011101100001110110000111011000011101100001001100001110110000111
01
10011
100101
10001101
10011001
10011001
10011111
100111001
1001111111
10000110001
0110001011001
100000000001101
0101010101010101
01100010110011001
1000000000000000000001111111111111111111101
10011001100110010110011111111111111111111101
100110011001100101011001100101010110011011001010101
1001100110011001010110011001010101100110011001010101
100111111111111111111111111111111111111111111111111111111111
01100001110110000111011000011101100001110110000111011000011101100001110110000111011000011101100001110110000111011000011101100001110110000111011000011101100001110110000111011000011101100001110110000111